Chrom	Position	Ref	Cons	Reads1	Reads2	VarFreq	Strands1	Strands2	Qual1	Qual2	Pvalue	MapQual1	MapQual2	Reads1Plus	Reads1Minus	Reads2Plus	Reads2Minus	VarAllele
p122#10	233	G	R	42	1	2,33%	1	1	71	50	0.98	1	1	42	0	1	0	A
p122#10	283	G	R	71	1	1,39%	1	1	72	48	0.98	1	1	71	0	1	0	A
p122#10	322	G	R	63	1	1,56%	1	1	73	74	0.98	1	1	63	0	1	0	A
p122#10	380	G	R	38	1	2,56%	1	1	72	74	0.98	1	1	38	0	1	0	A
p122#10	478	G	R	37	1	2,63%	1	1	73	74	0.98	1	1	37	0	1	0	A
p122#10	787	G	R	39	1	2,5%	1	1	72	74	0.98	1	1	39	0	1	0	A
p122#10	969	G	R	31	1	3,12%	1	1	74	74	0.98	1	1	31	0	1	0	A
p122#10	1083	T	Y	29	1	3,33%	1	1	74	74	0.98	1	1	29	0	1	0	C
p122#10	1183	G	R	22	1	4,35%	1	1	73	74	0.98	1	1	22	0	1	0	A
p122#10	1198	G	R	36	1	2,7%	1	1	71	74	0.98	1	1	36	0	1	0	A
p122#10	1209	G	R	42	1	2,33%	1	1	71	74	0.98	1	1	42	0	1	0	A
p122#10	1266	A	R	25	1	3,85%	1	1	68	48	0.98	1	1	25	0	1	0	G
p122#10	1275	C	Y	28	1	3,45%	1	1	72	50	0.98	1	1	28	0	1	0	T
p122#10	1278	T	Y	31	1	3,12%	1	1	72	48	0.98	1	1	31	0	1	0	C
p122#10	1281	G	S	36	1	2,7%	1	1	72	74	0.98	1	1	36	0	1	0	C
p122#10	1285	A	W	37	1	2,63%	1	1	72	62	0.98	1	1	37	0	1	0	T
p122#10	1287	C	Y	40	1	2,44%	1	1	72	74	0.98	1	1	40	0	1	0	T
p122#10	1376	A	R	41	1	2,38%	1	1	73	74	0.98	1	1	41	0	1	0	G
p122#10	1395	G	R	29	2	6,45%	1	1	72	74	0.98	1	1	29	0	2	0	A
p122#10	1396	G	R	30	1	3,23%	1	1	72	62	0.98	1	1	30	0	1	0	A
p122#10	1453	G	R	55	1	1,79%	1	1	73	74	0.98	1	1	55	0	1	0	A
p122#10	1466	G	R	59	1	1,67%	1	1	72	71	0.98	1	1	59	0	1	0	A
p122#10	1477	G	R	42	2	4,55%	1	1	73	74	0.98	1	1	42	0	2	0	A
p122#10	1519	G	R	39	1	2,5%	1	1	71	74	0.98	1	1	39	0	1	0	A
p122#10	1545	G	R	25	1	3,85%	1	1	72	74	0.98	1	1	25	0	1	0	A
p122#10	1633	G	R	18	1	5,26%	1	1	69	74	0.98	1	1	18	0	1	0	A
p122#10	1803	G	R	44	1	2,22%	1	1	73	62	0.98	1	1	44	0	1	0	A
p122#10	1807	G	R	39	1	2,44%	1	1	73	74	0.98	1	1	39	0	1	0	A
p122#10	1958	G	R	27	4	12,9%	1	1	69	71	0.98	1	1	27	0	4	0	A
p122#10	1995	G	R	17	1	5,56%	1	1	74	74	0.98	1	1	17	0	1	0	A
p122#10	2059	G	R	92	2	2,13%	1	1	72	70	0.98	1	1	92	0	2	0	A
p122#10	2076	G	R	85	1	1,16%	1	1	72	74	0.98	1	1	85	0	1	0	A
p122#10	2079	G	R	80	1	1,23%	1	1	73	74	0.98	1	1	80	0	1	0	A
p122#10	2089	G	R	58	2	3,33%	1	1	72	52	0.98	1	1	58	0	2	0	A
p122#10	2133	G	R	36	1	2,7%	1	1	72	74	0.98	1	1	36	0	1	0	A
p122#10	2134	G	R	35	1	2,78%	1	1	70	74	0.98	1	1	35	0	1	0	A
p122#10	2151	G	R	25	1	3,85%	1	1	73	74	0.98	1	1	25	0	1	0	A
p122#10	2158	G	R	19	1	5%	1	1	73	74	0.98	1	1	19	0	1	0	A
p122#10	2173	G	R	12	3	20%	1	1	73	70	0.98	1	1	12	0	3	0	A
p122#10	2387	C	Y	16	1	5,88%	1	1	74	64	0.98	1	1	16	0	1	0	T
p122#10	2421	G	R	33	1	2,94%	1	1	73	74	0.98	1	1	33	0	1	0	A
p122#10	2454	G	R	21	1	4,55%	1	1	73	74	0.98	1	1	21	0	1	0	A
p122#10	2521	G	R	60	1	1,64%	1	1	73	74	0.98	1	1	60	0	1	0	A
p122#10	2616	G	R	17	1	5,56%	1	1	71	74	0.98	1	1	17	0	1	0	A
p122#10	2626	G	R	25	1	3,85%	1	1	73	74	0.98	1	1	25	0	1	0	A
p122#10	2651	G	R	61	1	1,61%	1	1	73	45	0.98	1	1	61	0	1	0	A
p122#10	2655	G	R	61	1	1,61%	1	1	72	62	0.98	1	1	61	0	1	0	A
p122#10	2672	G	R	87	1	1,14%	1	1	73	74	0.98	1	1	87	0	1	0	A
p122#10	2716	G	R	80	1	1,23%	1	1	71	74	0.98	1	1	80	0	1	0	A
p122#10	2725	G	R	74	1	1,33%	1	1	73	74	0.98	1	1	74	0	1	0	A
p122#10	3028	C	Y	55	1	1,79%	1	1	67	62	0.98	1	1	55	0	1	0	T
p122#10	3209	G	R	19	1	4,55%	1	1	72	74	0.98	1	1	19	0	1	0	A
p122#10	3785	C	Y	96	1	1,03%	1	1	73	62	0.98	1	1	96	0	1	0	T
p122#10	3871	G	R	61	1	1,61%	1	1	73	74	0.98	1	1	61	0	1	0	A
p122#10	3928	G	R	29	1	3,33%	1	1	70	74	0.98	1	1	29	0	1	0	A
p122#10	3987	G	R	93	1	1,06%	1	1	72	74	0.98	1	1	93	0	1	0	A
p122#10	4065	G	R	504	1	0,2%	1	1	73	74	0.98	1	1	504	0	1	0	A
