Chrom	Position	Ref	Cons	Reads1	Reads2	VarFreq	Strands1	Strands2	Qual1	Qual2	Pvalue	MapQual1	MapQual2	Reads1Plus	Reads1Minus	Reads2Plus	Reads2Minus	VarAllele
p122#10	134	G	R	66	1	1,47%	1	1	65	74	0.98	1	1	66	0	1	0	A
p122#10	156	G	R	166	4	2,35%	1	1	67	61	0.98	1	1	166	0	4	0	A
p122#10	184	C	Y	130	1	0,76%	1	1	71	48	0.98	1	1	130	0	1	0	T
p122#10	189	A	W	119	1	0,83%	1	1	61	62	0.98	1	1	119	0	1	0	T
p122#10	233	G	R	115	4	3,36%	1	1	69	65	0.98	1	1	115	0	4	0	A
p122#10	241	C	Y	151	1	0,66%	1	1	70	62	0.98	1	1	151	0	1	0	T
p122#10	255	G	R	190	3	1,55%	1	1	72	65	0.98	1	1	190	0	3	0	A
p122#10	270	G	R	175	2	1,13%	1	1	69	62	0.98	1	1	175	0	2	0	A
p122#10	283	G	R	134	5	3,6%	1	1	71	68	0.98	1	1	134	0	5	0	A
p122#10	303	C	Y	134	2	1,47%	1	1	73	67	0.98	1	1	134	0	2	0	T
p122#10	309	G	R	134	1	0,74%	1	1	73	74	0.98	1	1	134	0	1	0	A
p122#10	322	G	R	125	1	0,79%	2	1	73	74	0.98	1	1	124	1	1	0	A
p122#10	357	C	Y	59	2	3,28%	2	1	72	57	0.98	1	1	58	1	2	0	T
p122#10	371	G	R	52	1	1,89%	2	1	72	48	0.98	1	1	51	1	1	0	A
p122#10	437	G	R	79	1	1,25%	1	1	72	74	0.98	1	1	79	0	1	0	A
p122#10	440	G	R	79	2	2,47%	1	1	73	74	0.98	1	1	79	0	2	0	A
p122#10	475	G	R	135	2	1,46%	1	1	73	74	0.98	1	1	135	0	2	0	A
p122#10	482	T	Y	121	1	0,82%	1	1	73	74	0.98	1	1	121	0	1	0	C
p122#10	489	C	Y	100	1	0,99%	1	1	72	64	0.98	1	1	100	0	1	0	T
p122#10	497	G	R	79	1	1,25%	1	1	72	74	0.98	1	1	79	0	1	0	A
p122#10	502	G	R	66	1	1,49%	1	1	73	74	0.98	1	1	66	0	1	0	A
p122#10	562	G	R	120	1	0,83%	1	1	73	74	0.98	1	1	120	0	1	0	A
p122#10	578	T	Y	132	1	0,75%	1	1	72	74	0.98	1	1	132	0	1	0	C
p122#10	583	G	R	124	1	0,8%	1	1	73	48	0.98	1	1	124	0	1	0	A
p122#10	604	C	M	114	1	0,87%	1	1	73	74	0.98	1	1	114	0	1	0	A
p122#10	611	A	R	152	1	0,65%	1	1	73	62	0.98	1	1	152	0	1	0	G
p122#10	705	G	R	94	3	3,09%	1	1	72	70	0.98	1	1	94	0	3	0	A
p122#10	732	G	R	90	1	1,1%	1	1	71	74	0.98	1	1	90	0	1	0	A
p122#10	808	G	R	43	2	4,44%	1	1	72	74	0.98	1	1	43	0	2	0	A
p122#10	873	C	Y	103	1	0,96%	1	1	73	62	0.98	1	1	103	0	1	0	T
p122#10	900	A	W	107	1	0,93%	1	1	72	48	0.98	1	1	107	0	1	0	T
p122#10	910	G	R	106	1	0,93%	1	1	73	74	0.98	1	1	106	0	1	0	A
p122#10	918	G	R	112	2	1,75%	1	1	73	74	0.98	1	1	112	0	2	0	A
p122#10	920	G	R	112	1	0,88%	1	1	73	74	0.98	1	1	112	0	1	0	A
p122#10	937	G	R	96	1	1,02%	1	1	73	74	0.98	1	1	96	0	1	0	A
p122#10	996	G	R	151	1	0,66%	1	1	73	74	0.98	1	1	151	0	1	0	A
p122#10	1032	G	R	124	1	0,8%	1	1	73	74	0.98	1	1	124	0	1	0	A
p122#10	1048	T	Y	97	1	1,02%	1	1	72	48	0.98	1	1	97	0	1	0	C
p122#10	1063	G	R	116	2	1,69%	1	1	73	70	0.98	1	1	116	0	2	0	A
p122#10	1084	G	R	91	2	2,15%	1	1	72	74	0.98	1	1	91	0	2	0	A
p122#10	1183	G	R	92	3	3,12%	1	1	73	74	0.98	1	1	92	0	3	0	A
p122#10	1186	G	R	87	1	1,14%	1	1	73	74	0.98	1	1	87	0	1	0	A
p122#10	1199	G	R	88	1	1,12%	1	1	73	62	0.98	1	1	88	0	1	0	A
p122#10	1207	C	Y	123	2	1,6%	1	1	72	74	0.98	1	1	123	0	2	0	T
p122#10	1209	G	R	126	1	0,79%	1	1	73	74	0.98	1	1	126	0	1	0	A
p122#10	1216	G	R	153	1	0,65%	1	1	73	74	0.98	1	1	153	0	1	0	A
p122#10	1218	G	R	149	2	1,32%	1	1	72	74	0.98	1	1	149	0	2	0	A
p122#10	1219	G	R	139	11	7,33%	1	1	73	71	0.98	1	1	139	0	11	0	A
p122#10	1225	G	R	142	4	2,74%	1	1	73	68	0.98	1	1	142	0	4	0	A
p122#10	1231	G	R	138	1	0,72%	1	1	73	48	0.98	1	1	138	0	1	0	A
p122#10	1264	G	R	95	1	1,04%	1	1	73	62	0.98	1	1	95	0	1	0	A
p122#10	1270	G	R	92	3	3,16%	1	1	73	74	0.98	1	1	92	0	3	0	A
p122#10	1281	G	R	105	2	1,87%	1	1	73	74	0.98	1	1	105	0	2	0	A
p122#10	1302	G	R	85	2	2,3%	1	1	72	74	0.98	1	1	85	0	2	0	A
p122#10	1338	G	R	95	1	1,04%	1	1	73	48	0.98	1	1	95	0	1	0	A
p122#10	1359	G	R	121	1	0,82%	1	1	72	68	0.98	1	1	121	0	1	0	A
p122#10	1362	G	R	134	1	0,74%	1	1	73	74	0.98	1	1	134	0	1	0	A
p122#10	1396	G	R	94	5	5,05%	1	1	72	69	0.98	1	1	94	0	5	0	A
p122#10	1435	C	Y	97	1	1,02%	1	1	72	74	0.98	1	1	97	0	1	0	T
p122#10	1437	G	R	93	1	1,06%	1	1	72	74	0.98	1	1	93	0	1	0	A
p122#10	1438	G	R	100	2	1,96%	1	1	72	74	0.98	1	1	100	0	2	0	A
p122#10	1453	G	R	114	2	1,72%	1	1	72	74	0.98	1	1	114	0	2	0	A
p122#10	1457	G	R	118	1	0,84%	1	1	72	74	0.98	1	1	118	0	1	0	A
p122#10	1461	G	R	121	2	1,63%	1	1	72	74	0.98	1	1	121	0	2	0	A
p122#10	1477	G	R	108	1	0,92%	1	1	72	74	0.98	1	1	108	0	1	0	A
p122#10	1501	G	R	98	2	2%	1	1	73	61	0.98	1	1	98	0	2	0	A
p122#10	1506	G	R	88	1	1,12%	1	1	72	74	0.98	1	1	88	0	1	0	A
p122#10	1513	G	R	117	3	2,5%	1	1	71	70	0.98	1	1	117	0	3	0	A
p122#10	1519	G	R	116	4	3,33%	1	1	70	74	0.98	1	1	116	0	4	0	A
p122#10	1528	G	R	117	1	0,85%	1	1	70	74	0.98	1	1	117	0	1	0	A
p122#10	1539	C	Y	106	3	2,75%	1	1	71	74	0.98	1	1	106	0	3	0	T
p122#10	1540	G	R	101	1	0,98%	1	1	71	74	0.98	1	1	101	0	1	0	A
p122#10	1545	G	R	91	4	4,21%	1	1	71	74	0.98	1	1	91	0	4	0	A
p122#10	1564	G	R	56	1	1,75%	1	1	71	74	0.98	1	1	56	0	1	0	A
p122#10	1567	G	R	52	1	1,89%	1	1	71	74	0.98	1	1	52	0	1	0	A
p122#10	1594	G	R	42	4	8,7%	1	1	68	74	0.98	1	1	42	0	4	0	A
p122#10	1633	G	R	73	5	6,41%	1	1	70	68	0.98	1	1	73	0	5	0	A
p122#10	1641	G	R	63	1	1,52%	1	1	68	74	0.98	1	1	63	0	1	0	A
p122#10	1665	C	Y	68	2	2,86%	1	1	72	73	0.98	1	1	68	0	2	0	T
p122#10	1684	G	R	62	3	4,62%	1	1	72	70	0.98	1	1	62	0	3	0	A
p122#10	1731	G	R	55	1	1,79%	1	1	73	74	0.98	1	1	55	0	1	0	A
p122#10	1736	G	R	62	1	1,59%	1	1	73	74	0.98	1	1	62	0	1	0	A
p122#10	1738	G	R	63	1	1,56%	1	1	73	62	0.98	1	1	63	0	1	0	A
p122#10	1759	G	R	111	6	5,13%	1	1	73	70	0.98	1	1	111	0	6	0	A
p122#10	1773	G	R	137	3	2,14%	1	1	73	74	0.98	1	1	137	0	3	0	A
p122#10	1775	G	R	147	1	0,68%	1	1	73	74	0.98	1	1	147	0	1	0	A
p122#10	1783	T	Y	144	1	0,69%	1	1	73	74	0.98	1	1	144	0	1	0	C
p122#10	1798	G	R	115	1	0,86%	1	1	72	74	0.98	1	1	115	0	1	0	A
p122#10	1801	C	Y	108	2	1,82%	1	1	73	74	0.98	1	1	108	0	2	0	T
p122#10	1803	G	R	96	13	11,93%	1	1	73	68	0.98	1	1	96	0	13	0	A
p122#10	1807	G	R	96	2	2,02%	1	1	73	74	0.98	1	1	96	0	2	0	A
p122#10	1834	G	R	94	5	5,05%	1	1	73	71	0.98	1	1	94	0	5	0	A
p122#10	1842	G	R	91	1	1,09%	1	1	73	74	0.98	1	1	91	0	1	0	A
p122#10	1892	G	R	55	1	1,79%	1	1	72	74	0.98	1	1	55	0	1	0	A
p122#10	1914	C	Y	84	2	2,33%	1	1	71	74	0.98	1	1	84	0	2	0	T
p122#10	1925	C	Y	85	1	1,16%	1	1	72	74	0.98	1	1	85	0	1	0	T
p122#10	1941	C	Y	64	2	3,03%	1	1	73	66	0.98	1	1	64	0	2	0	T
p122#10	1958	G	R	41	3	6,82%	1	1	72	69	0.98	1	1	41	0	3	0	A
p122#10	1979	G	R	68	2	2,7%	1	1	72	74	0.98	1	1	68	0	2	0	A
p122#10	1986	G	R	65	2	2,99%	1	1	71	68	0.98	1	1	65	0	2	0	A
p122#10	1995	G	R	60	2	3,23%	1	1	73	74	0.98	1	1	60	0	2	0	A
p122#10	2010	C	Y	59	2	3,28%	1	1	73	61	0.98	1	1	59	0	2	0	T
p122#10	2068	G	R	131	4	2,96%	1	1	72	67	0.98	1	1	131	0	4	0	A
p122#10	2077	G	R	173	1	0,57%	1	1	72	74	0.98	1	1	173	0	1	0	A
p122#10	2079	G	R	150	8	5,06%	1	1	73	72	0.98	1	1	150	0	8	0	A
p122#10	2089	G	R	137	1	0,72%	1	1	73	74	0.98	1	1	137	0	1	0	A
p122#10	2094	T	Y	133	1	0,75%	1	1	73	48	0.98	1	1	133	0	1	0	C
p122#10	2095	G	R	125	3	2,34%	1	1	72	74	0.98	1	1	125	0	3	0	A
p122#10	2098	G	R	119	1	0,83%	1	1	72	74	0.98	1	1	119	0	1	0	A
p122#10	2101	C	Y	113	1	0,88%	1	1	72	74	0.98	1	1	113	0	1	0	T
p122#10	2114	G	R	116	1	0,85%	1	1	72	74	0.98	1	1	116	0	1	0	A
p122#10	2119	G	R	112	1	0,88%	1	1	71	62	0.98	1	1	112	0	1	0	A
p122#10	2128	G	R	110	2	1,79%	1	1	73	74	0.98	1	1	110	0	2	0	A
p122#10	2134	G	R	100	6	5,66%	1	1	72	74	0.98	1	1	100	0	6	0	A
p122#10	2137	C	Y	99	2	1,98%	1	1	73	74	0.98	1	1	99	0	2	0	T
p122#10	2139	C	Y	94	2	2,08%	1	1	73	74	0.98	1	1	94	0	2	0	T
p122#10	2158	G	R	69	1	1,43%	1	1	73	74	0.98	1	1	69	0	1	0	A
p122#10	2160	G	R	70	1	1,41%	1	1	73	74	0.98	1	1	70	0	1	0	A
p122#10	2173	G	R	52	1	1,89%	1	1	73	74	0.98	1	1	52	0	1	0	A
p122#10	2176	G	R	47	1	2,08%	1	1	73	74	0.98	1	1	47	0	1	0	A
p122#10	2190	G	R	50	1	1,96%	1	1	73	74	0.98	1	1	50	0	1	0	A
p122#10	2193	G	R	48	1	2,04%	1	1	73	74	0.98	1	1	48	0	1	0	A
p122#10	2231	C	Y	109	1	0,91%	1	1	72	74	0.98	1	1	109	0	1	0	T
p122#10	2239	G	R	102	3	2,86%	1	1	73	74	0.98	1	1	102	0	3	0	A
p122#10	2279	C	Y	116	2	1,69%	1	1	72	61	0.98	1	1	116	0	2	0	T
p122#10	2281	C	Y	111	5	4,31%	1	1	73	69	0.98	1	1	111	0	5	0	T
p122#10	2283	G	R	110	6	5,17%	1	1	73	71	0.98	1	1	110	0	6	0	A
p122#10	2288	A	R	101	1	0,98%	1	1	72	63	0.98	1	1	101	0	1	0	G
p122#10	2296	G	R	90	3	3,23%	1	1	73	74	0.98	1	1	90	0	3	0	A
p122#10	2329	G	R	71	5	6,58%	1	1	73	74	0.98	1	1	71	0	5	0	A
p122#10	2347	G	R	64	2	3,03%	1	1	72	61	0.98	1	1	64	0	2	0	A
p122#10	2373	G	R	88	1	1,12%	1	1	73	74	0.98	1	1	88	0	1	0	A
p122#10	2377	G	R	82	1	1,2%	1	1	72	74	0.98	1	1	82	0	1	0	A
p122#10	2401	C	Y	106	1	0,93%	1	1	73	74	0.98	1	1	106	0	1	0	T
p122#10	2403	G	R	104	1	0,95%	1	1	73	74	0.98	1	1	104	0	1	0	A
p122#10	2408	C	Y	99	1	1%	1	1	73	74	0.98	1	1	99	0	1	0	T
p122#10	2409	G	R	94	3	3,09%	1	1	73	74	0.98	1	1	94	0	3	0	A
p122#10	2412	C	Y	94	1	1,05%	1	1	73	74	0.98	1	1	94	0	1	0	T
p122#10	2413	G	R	85	1	1,16%	1	1	72	74	0.98	1	1	85	0	1	0	A
p122#10	2414	G	R	85	8	8,6%	1	1	72	72	0.98	1	1	85	0	8	0	A
p122#10	2421	G	R	98	8	7,55%	1	1	72	71	0.98	1	1	98	0	8	0	A
p122#10	2425	G	R	110	1	0,9%	1	1	72	74	0.98	1	1	110	0	1	0	A
p122#10	2452	G	R	89	1	1,11%	1	1	71	74	0.98	1	1	89	0	1	0	A
p122#10	2453	G	R	86	1	1,15%	1	1	72	74	0.98	1	1	86	0	1	0	A
p122#10	2455	G	R	77	4	4,94%	1	1	72	74	0.98	1	1	77	0	4	0	A
p122#10	2458	C	Y	83	1	1,19%	1	1	72	74	0.98	1	1	83	0	1	0	T
p122#10	2473	G	R	62	1	1,59%	1	1	72	74	0.98	1	1	62	0	1	0	A
p122#10	2476	C	Y	69	3	4,17%	1	1	72	65	0.98	1	1	69	0	3	0	T
p122#10	2482	G	R	73	1	1,35%	1	1	72	74	0.98	1	1	73	0	1	0	A
p122#10	2490	G	R	80	1	1,23%	1	1	72	74	0.98	1	1	80	0	1	0	A
p122#10	2493	G	R	77	2	2,53%	1	1	73	69	0.98	1	1	77	0	2	0	A
p122#10	2497	G	R	80	1	1,23%	1	1	71	74	0.98	1	1	80	0	1	0	A
p122#10	2512	G	R	102	2	1,92%	1	1	72	58	0.98	1	1	102	0	2	0	A
p122#10	2515	G	R	113	2	1,74%	1	1	73	68	0.98	1	1	113	0	2	0	A
p122#10	2519	G	R	133	2	1,48%	1	1	73	61	0.98	1	1	133	0	2	0	A
p122#10	2521	G	R	125	2	1,57%	1	1	73	74	0.98	1	1	125	0	2	0	A
p122#10	2529	G	R	149	2	1,32%	1	1	73	74	0.98	1	1	149	0	2	0	A
p122#10	2536	G	R	163	1	0,61%	1	1	73	74	0.98	1	1	163	0	1	0	A
p122#10	2575	G	R	118	4	3,28%	1	1	72	61	0.98	1	1	118	0	4	0	A
p122#10	2587	C	Y	105	2	1,87%	1	1	73	55	0.98	1	1	105	0	2	0	T
p122#10	2594	C	Y	98	3	2,97%	1	1	73	71	0.98	1	1	98	0	3	0	T
p122#10	2611	G	R	78	3	3,7%	1	1	72	74	0.98	1	1	78	0	3	0	A
p122#10	2615	G	R	72	1	1,37%	1	1	73	62	0.98	1	1	72	0	1	0	A
p122#10	2616	G	R	62	12	16,22%	1	1	73	70	0.98	1	1	62	0	12	0	A
p122#10	2619	G	R	66	2	2,94%	1	1	73	74	0.98	1	1	66	0	2	0	A
p122#10	2620	G	R	60	9	13,04%	1	1	73	71	0.98	1	1	60	0	9	0	A
p122#10	2626	G	R	60	9	13,04%	1	1	73	72	0.98	1	1	60	0	9	0	A
p122#10	2654	C	Y	128	1	0,78%	1	1	73	74	0.98	1	1	128	0	1	0	T
p122#10	2665	G	R	150	1	0,66%	1	1	73	74	0.98	1	1	150	0	1	0	A
p122#10	2683	G	R	170	6	3,41%	1	1	72	70	0.98	1	1	170	0	6	0	A
p122#10	2692	G	R	171	1	0,58%	1	1	72	70	0.98	1	1	171	0	1	0	A
p122#10	2693	G	R	158	9	5,39%	1	1	72	66	0.98	1	1	158	0	9	0	A
p122#10	2701	G	R	159	2	1,24%	1	1	73	74	0.98	1	1	159	0	2	0	A
p122#10	2705	G	R	159	1	0,62%	1	1	73	63	0.98	1	1	159	0	1	0	A
p122#10	2712	G	R	165	1	0,6%	1	1	73	62	0.98	1	1	165	0	1	0	A
p122#10	2716	G	R	160	1	0,62%	1	1	71	74	0.98	1	1	160	0	1	0	A
p122#10	2721	C	Y	151	7	4,43%	1	1	73	71	0.98	1	1	151	0	7	0	T
p122#10	2724	T	W	163	1	0,61%	1	1	72	74	0.98	1	1	163	0	1	0	A
p122#10	2732	T	Y	168	1	0,58%	1	1	71	74	0.98	1	1	168	0	1	0	C
p122#10	2740	G	R	157	3	1,88%	1	1	73	70	0.98	1	1	157	0	3	0	A
p122#10	2760	C	Y	99	4	3,88%	1	1	72	74	0.98	1	1	99	0	4	0	T
p122#10	2769	C	Y	84	11	11,58%	1	1	72	74	0.98	1	1	84	0	11	0	T
p122#10	2775	G	R	84	1	1,18%	1	1	72	74	0.98	1	1	84	0	1	0	A
p122#10	2781	G	R	83	1	1,19%	1	1	73	74	0.98	1	1	83	0	1	0	A
p122#10	2783	G	R	84	1	1,18%	1	1	73	74	0.98	1	1	84	0	1	0	A
p122#10	2792	C	Y	79	1	1,25%	1	1	73	74	0.98	1	1	79	0	1	0	T
p122#10	2796	G	R	71	1	1,39%	1	1	72	74	0.98	1	1	71	0	1	0	A
p122#10	2797	G	R	70	4	5,41%	1	1	72	68	0.98	1	1	70	0	4	0	A
p122#10	2800	G	R	69	2	2,82%	1	1	73	68	0.98	1	1	69	0	2	0	A
p122#10	2804	G	R	71	2	2,74%	1	1	73	67	0.98	1	1	71	0	2	0	A
p122#10	2810	G	R	62	1	1,59%	1	1	73	74	0.98	1	1	62	0	1	0	A
p122#10	2812	C	Y	60	1	1,64%	1	1	73	74	0.98	1	1	60	0	1	0	T
p122#10	2814	G	R	55	6	9,84%	1	1	73	67	0.98	1	1	55	0	6	0	A
p122#10	2817	C	Y	65	4	5,8%	1	1	73	68	0.98	1	1	65	0	4	0	T
p122#10	2819	C	Y	71	1	1,39%	1	1	72	74	0.98	1	1	71	0	1	0	T
p122#10	2821	G	R	63	13	17,11%	1	1	73	70	0.98	1	1	63	0	13	0	A
p122#10	2823	G	R	66	12	15,38%	1	1	73	68	0.98	1	1	66	0	12	0	A
p122#10	2838	G	R	89	8	8,25%	1	1	73	71	0.98	1	1	89	0	8	0	A
p122#10	2904	G	R	67	9	11,84%	1	1	72	74	0.98	1	1	67	0	9	0	A
p122#10	2922	T	Y	58	1	1,69%	1	1	68	62	0.98	1	1	58	0	1	0	C
p122#10	2952	C	Y	83	1	1,19%	1	1	73	74	0.98	1	1	83	0	1	0	T
p122#10	2972	C	Y	104	1	0,95%	1	1	72	74	0.98	1	1	104	0	1	0	T
p122#10	2978	C	Y	135	1	0,74%	1	1	70	74	0.98	1	1	135	0	1	0	T
p122#10	3028	C	Y	128	2	1,54%	1	1	68	74	0.98	1	1	128	0	2	0	T
p122#10	3105	C	Y	67	1	1,16%	1	1	67	48	0.98	1	1	67	0	1	0	T
p122#10	3191	G	R	72	1	1,37%	1	1	72	74	0.98	1	1	72	0	1	0	A
p122#10	3272	C	Y	76	1	1,3%	1	1	61	74	0.98	1	1	76	0	1	0	T
p122#10	3282	C	Y	111	1	0,89%	1	1	63	45	0.98	1	1	111	0	1	0	T
p122#10	3574	G	R	94	1	1,05%	1	1	72	74	0.98	1	1	94	0	1	0	A
p122#10	3583	G	R	139	1	0,71%	1	1	72	74	0.98	1	1	139	0	1	0	A
p122#10	3697	G	R	33	1	2,94%	1	1	72	62	0.98	1	1	33	0	1	0	A
p122#10	3732	G	R	128	1	0,78%	1	1	71	74	0.98	1	1	128	0	1	0	A
p122#10	3845	T	Y	127	1	0,78%	1	1	73	74	0.98	1	1	127	0	1	0	C
p122#10	3846	A	R	134	1	0,74%	1	1	71	74	0.98	1	1	134	0	1	0	G
p122#10	3862	T	Y	122	1	0,81%	1	1	71	74	0.98	1	1	122	0	1	0	C
p122#10	3875	A	R	83	1	1,19%	1	1	70	74	0.98	1	1	83	0	1	0	G
p122#10	3931	C	Y	65	1	1,52%	1	1	72	48	0.98	1	1	65	0	1	0	T
p122#10	4006	G	K	260	1	0,38%	1	1	73	74	0.98	1	1	260	0	1	0	T
p122#10	4025	C	Y	442	1	0,23%	1	1	73	74	0.98	1	1	442	0	1	0	T
p122#10	4059	G	K	647	1	0,15%	1	1	72	74	0.98	1	1	647	0	1	0	T
p122#10	4072	C	Y	581	1	0,17%	1	1	73	74	0.98	1	1	581	0	1	0	T
p122#10	4090	C	M	564	1	0,18%	1	1	73	74	0.98	1	1	564	0	1	0	A
p122#10	4092	G	K	558	1	0,18%	1	1	73	48	0.98	1	1	558	0	1	0	T
p122#10	4093	C	Y	559	1	0,18%	1	1	73	62	0.98	1	1	559	0	1	0	T
p122#10	4108	G	R	423	1	0,24%	1	1	73	74	0.98	1	1	423	0	1	0	A
