Chrom	Position	Ref	Cons	Reads1	Reads2	VarFreq	Strands1	Strands2	Qual1	Qual2	Pvalue	MapQual1	MapQual2	Reads1Plus	Reads1Minus	Reads2Plus	Reads2Minus	VarAllele
p122#10	110	A	R	68	1	1,45%	1	1	72	48	0.98	1	1	68	0	1	0	G
p122#10	147	T	K	42	1	2,33%	1	1	58	48	0.98	1	1	42	0	1	0	G
p122#10	361	T	Y	22	1	4,35%	2	1	71	74	0.98	1	1	21	1	1	0	C
p122#10	814	C	Y	15	1	6,25%	1	1	74	48	0.98	1	1	15	0	1	0	T
p122#10	888	C	Y	34	1	2,86%	1	1	73	74	0.98	1	1	34	0	1	0	T
p122#10	921	A	R	61	1	1,61%	1	1	72	74	0.98	1	1	61	0	1	0	G
p122#10	1308	T	Y	37	1	2,63%	1	1	70	74	0.98	1	1	37	0	1	0	C
p122#10	1311	C	Y	41	1	2,38%	1	1	72	74	0.98	1	1	41	0	1	0	T
p122#10	1320	G	S	54	1	1,82%	1	1	72	74	0.98	1	1	54	0	1	0	C
p122#10	1672	C	Y	34	1	2,86%	1	1	72	74	0.98	1	1	34	0	1	0	T
p122#10	1767	C	Y	76	1	1,3%	1	1	72	74	0.98	1	1	76	0	1	0	T
p122#10	1776	T	Y	75	1	1,32%	1	1	70	62	0.98	1	1	75	0	1	0	C
p122#10	1779	C	S	70	1	1,41%	1	1	72	74	0.98	1	1	70	0	1	0	G
p122#10	1782	G	R	64	1	1,54%	1	1	72	62	0.98	1	1	64	0	1	0	A
p122#10	1787	T	Y	66	1	1,49%	1	1	70	74	0.98	1	1	66	0	1	0	C
p122#10	1792	T	W	56	1	1,75%	1	1	72	74	0.98	1	1	56	0	1	0	A
p122#10	1793	C	S	51	1	1,92%	1	1	73	74	0.98	1	1	51	0	1	0	G
p122#10	1794	A	M	48	1	2,04%	1	1	72	74	0.98	1	1	48	0	1	0	C
p122#10	1815	T	Y	48	1	2,04%	1	1	73	74	0.98	1	1	48	0	1	0	C
p122#10	2191	A	R	14	1	6,67%	1	1	73	74	0.98	1	1	14	0	1	0	G
p122#10	2548	A	R	38	1	2,56%	1	1	63	74	0.98	1	1	38	0	1	0	G
p122#10	2738	C	M	69	1	1,43%	1	1	70	74	0.98	1	1	69	0	1	0	A
p122#10	2898	T	Y	25	1	3,85%	1	1	72	66	0.98	1	1	25	0	1	0	C
p122#10	3150	C	M	39	1	2,5%	1	1	67	48	0.98	1	1	39	0	0	1	A
p122#10	3658	G	K	13	1	7,14%	1	1	72	74	0.98	1	1	13	0	1	0	T
p122#10	3862	T	Y	77	1	1,28%	1	1	70	74	0.98	1	1	77	0	1	0	C
p122#10	3940	G	K	35	1	2,78%	1	1	73	74	0.98	1	1	35	0	1	0	T
p122#10	3949	C	Y	33	1	2,94%	1	1	72	74	0.98	1	1	33	0	1	0	T
p122#10	4025	C	Y	390	1	0,26%	1	1	72	48	0.98	1	1	390	0	1	0	T
p122#10	4029	C	Y	421	1	0,24%	1	1	72	74	0.98	1	1	421	0	1	0	T
p122#10	4067	C	Y	405	1	0,25%	1	1	72	74	0.98	1	1	405	0	1	0	T
p122#10	4099	T	Y	272	2	0,73%	1	1	71	74	0.98	1	1	272	0	2	0	C
