Chrom	Position	Ref	Cons	Reads1	Reads2	VarFreq	Strands1	Strands2	Qual1	Qual2	Pvalue	MapQual1	MapQual2	Reads1Plus	Reads1Minus	Reads2Plus	Reads2Minus	VarAllele
p122#10	80	A	R	44	1	2,22%	1	1	71	74	0.98	1	1	44	0	1	0	G
p122#10	98	A	W	85	1	1,16%	1	1	71	74	0.98	1	1	85	0	1	0	T
p122#10	123	A	W	150	1	0,66%	1	1	69	74	0.98	1	1	150	0	1	0	T
p122#10	273	A	M	168	1	0,59%	1	1	66	48	0.98	1	1	168	0	1	0	C
p122#10	313	G	S	130	1	0,76%	1	1	73	74	0.98	1	1	130	0	1	0	C
p122#10	314	C	Y	131	1	0,76%	1	1	73	48	0.98	1	1	131	0	1	0	T
p122#10	335	T	Y	87	1	1,14%	1	1	68	74	0.98	1	1	87	0	1	0	C
p122#10	344	A	W	67	1	1,47%	1	1	67	74	0.98	1	1	67	0	1	0	T
p122#10	378	T	Y	62	1	1,59%	1	1	70	74	0.98	1	1	62	0	1	0	C
p122#10	549	G	K	100	1	0,96%	1	1	72	74	0.98	1	1	100	0	1	0	T
p122#10	574	A	R	124	1	0,8%	1	1	72	74	0.98	1	1	124	0	1	0	G
p122#10	586	G	R	93	1	1,06%	1	1	73	74	0.98	1	1	93	0	1	0	A
p122#10	644	T	W	83	1	1,19%	1	1	72	74	0.98	1	1	83	0	1	0	A
p122#10	889	G	R	110	1	0,9%	1	1	73	74	0.98	1	1	110	0	1	0	A
p122#10	905	T	Y	118	1	0,84%	1	1	72	74	0.98	1	1	118	0	1	0	C
p122#10	1123	T	Y	57	1	1,72%	1	1	71	74	0.98	1	1	57	0	1	0	C
p122#10	1127	T	Y	64	1	1,54%	1	1	71	74	0.98	1	1	64	0	1	0	C
p122#10	1148	T	Y	90	1	1,1%	1	1	71	74	0.98	1	1	90	0	1	0	C
p122#10	1280	C	Y	86	1	1,15%	1	1	73	64	0.98	1	1	86	0	1	0	T
p122#10	1313	G	R	93	1	1,06%	1	1	73	74	0.98	1	1	93	0	1	0	A
p122#10	1344	G	R	93	1	1,06%	1	1	73	74	0.98	1	1	93	0	1	0	A
p122#10	1347	G	K	99	1	1%	1	1	72	74	0.98	1	1	99	0	1	0	T
p122#10	1348	C	Y	94	1	1,05%	1	1	72	74	0.98	1	1	94	0	1	0	T
p122#10	1359	G	S	107	1	0,93%	1	1	72	74	0.98	1	1	107	0	1	0	C
p122#10	1406	A	R	60	1	1,64%	1	1	70	74	0.98	1	1	60	0	1	0	G
p122#10	1416	C	Y	52	1	1,79%	1	1	72	74	0.98	1	1	52	0	1	0	T
p122#10	1430	C	Y	82	1	1,2%	1	1	72	74	0.98	1	1	82	0	1	0	T
p122#10	1436	C	Y	96	1	1,03%	1	1	72	74	0.98	1	1	96	0	1	0	T
p122#10	1468	T	W	106	1	0,93%	1	1	70	74	0.98	1	1	106	0	1	0	A
p122#10	1759	G	R	124	1	0,8%	1	1	73	74	0.98	1	1	124	0	1	0	A
p122#10	1770	C	S	134	1	0,74%	1	1	72	74	0.98	1	1	134	0	1	0	G
p122#10	1862	A	R	64	1	1,54%	1	1	72	74	0.98	1	1	64	0	1	0	G
p122#10	1957	T	Y	65	1	1,52%	1	1	70	74	0.98	1	1	65	0	1	0	C
p122#10	2075	T	Y	117	1	0,85%	1	1	71	74	0.98	1	1	117	0	1	0	C
p122#10	2090	A	R	133	1	0,75%	1	1	72	74	0.98	1	1	133	0	1	0	G
p122#10	2105	T	Y	118	1	0,84%	1	1	69	62	0.98	1	1	118	0	1	0	C
p122#10	2167	C	Y	58	1	1,69%	1	1	73	62	0.98	1	1	58	0	1	0	T
p122#10	2175	A	R	46	1	2,13%	1	1	71	74	0.98	1	1	46	0	1	0	G
p122#10	2194	A	R	49	1	2%	1	1	73	48	0.98	1	1	49	0	1	0	G
p122#10	2380	A	R	78	1	1,27%	1	1	72	74	0.98	1	1	78	0	1	0	G
p122#10	2443	C	Y	117	1	0,85%	1	1	73	48	0.98	1	1	117	0	1	0	T
p122#10	2564	T	Y	103	1	0,96%	1	1	72	74	0.98	1	1	103	0	1	0	C
p122#10	2692	G	R	155	1	0,64%	1	1	71	74	0.98	1	1	155	0	1	0	A
p122#10	2719	A	R	135	1	0,74%	1	1	70	74	0.98	1	1	135	0	1	0	G
p122#10	2766	T	Y	74	1	1,33%	1	1	72	74	0.98	1	1	74	0	1	0	C
p122#10	2954	A	W	94	1	1,05%	1	1	71	74	0.98	1	1	94	0	1	0	T
p122#10	3055	T	Y	91	1	1,09%	1	1	66	74	0.98	1	1	91	0	1	0	C
p122#10	3294	T	Y	89	1	1,11%	1	1	70	62	0.98	1	1	89	0	1	0	C
p122#10	3436	A	R	104	1	0,95%	2	1	72	74	0.98	1	1	103	1	1	0	G
p122#10	3649	A	R	12	1	7,69%	1	1	72	74	0.98	1	1	12	0	1	0	G
p122#10	3859	T	Y	91	1	1,09%	1	1	71	62	0.98	1	1	91	0	1	0	C
p122#10	3893	T	Y	130	1	0,76%	1	1	68	74	0.98	1	1	130	0	1	0	C
p122#10	3907	T	Y	146	1	0,68%	1	1	72	74	0.98	1	1	146	0	1	0	C
p122#10	3938	C	Y	152	1	0,65%	1	1	73	74	0.98	1	1	152	0	1	0	T
p122#10	3985	C	Y	176	2	1,12%	1	1	72	74	0.98	1	1	176	0	2	0	T
p122#10	3996	G	R	227	1	0,44%	1	1	72	48	0.98	1	1	227	0	1	0	A
p122#10	4049	T	Y	591	1	0,17%	1	1	72	74	0.98	1	1	591	0	1	0	C
p122#10	4078	G	R	578	1	0,17%	1	1	72	74	0.98	1	1	578	0	1	0	A
p122#10	4089	T	Y	504	1	0,2%	1	1	72	62	0.98	1	1	504	0	1	0	C
p122#10	4097	G	R	485	1	0,21%	1	1	73	74	0.98	1	1	485	0	1	0	A
