Chrom	Position	Ref	Cons	Reads1	Reads2	VarFreq	Strands1	Strands2	Qual1	Qual2	Pvalue	MapQual1	MapQual2	Reads1Plus	Reads1Minus	Reads2Plus	Reads2Minus	VarAllele
p122#10	80	A	R	26	1	3,7%	1	1	74	74	0.98	1	1	26	0	1	0	G
p122#10	255	G	R	132	1	0,75%	1	1	72	74	0.98	1	1	132	0	1	0	A
p122#10	286	G	R	104	1	0,95%	1	1	71	48	0.98	1	1	104	0	1	0	A
p122#10	552	T	Y	73	1	1,35%	1	1	67	62	0.98	1	1	73	0	1	0	C
p122#10	581	G	R	64	1	1,54%	1	1	71	74	0.98	1	1	64	0	1	0	A
p122#10	618	G	R	61	1	1,59%	1	1	72	74	0.98	1	1	61	0	1	0	A
p122#10	662	T	Y	52	1	1,89%	1	1	72	74	0.98	1	1	52	0	1	0	C
p122#10	1301	T	Y	70	1	1,41%	1	1	71	74	0.98	1	1	70	0	1	0	C
p122#10	1330	C	Y	77	1	1,28%	1	1	72	74	0.98	1	1	77	0	1	0	T
p122#10	1391	A	R	61	1	1,61%	1	1	72	74	0.98	1	1	61	0	1	0	G
p122#10	1667	A	R	23	1	4,17%	1	1	69	48	0.98	1	1	23	0	1	0	G
p122#10	1880	A	R	32	1	3,03%	1	1	69	74	0.98	1	1	32	0	1	0	G
p122#10	1901	T	Y	34	1	2,86%	1	1	67	48	0.98	1	1	34	0	1	0	C
p122#10	1976	A	R	32	1	3,03%	1	1	71	74	0.98	1	1	32	0	1	0	G
p122#10	1999	A	R	25	1	3,85%	1	1	69	74	0.98	1	1	25	0	1	0	G
p122#10	2041	T	Y	63	1	1,56%	1	1	65	74	0.98	1	1	63	0	1	0	C
p122#10	2060	C	Y	96	1	1,03%	1	1	73	74	0.98	1	1	96	0	1	0	T
p122#10	2534	C	S	76	1	1,3%	1	1	73	74	0.98	1	1	76	0	1	0	G
p122#10	2670	C	Y	81	1	1,22%	1	1	71	60	0.98	1	1	81	0	1	0	T
p122#10	2696	C	Y	81	1	1,22%	1	1	71	74	0.98	1	1	81	0	1	0	T
p122#10	2718	T	Y	78	1	1,27%	1	1	73	74	0.98	1	1	78	0	1	0	C
p122#10	2719	A	R	74	1	1,33%	1	1	71	74	0.98	1	1	74	0	1	0	G
p122#10	2811	A	R	26	1	3,7%	1	1	73	74	0.98	1	1	26	0	1	0	G
p122#10	2895	G	K	33	1	2,94%	1	1	71	74	0.98	1	1	33	0	1	0	T
p122#10	2907	A	M	29	1	3,33%	1	1	71	48	0.98	1	1	29	0	1	0	C
p122#10	2913	G	R	25	1	3,85%	1	1	72	74	0.98	1	1	25	0	1	0	A
p122#10	2971	T	Y	79	1	1,25%	1	1	72	59	0.98	1	1	79	0	1	0	C
p122#10	3775	C	Y	124	1	0,8%	1	1	70	74	0.98	1	1	124	0	1	0	T
p122#10	3856	T	Y	74	1	1,33%	1	1	67	74	0.98	1	1	74	0	1	0	C
p122#10	4015	G	R	325	1	0,31%	1	1	73	62	0.98	1	1	325	0	1	0	A
p122#10	4031	G	K	397	1	0,25%	1	1	72	62	0.98	1	1	397	0	1	0	T
p122#10	4033	T	Y	399	1	0,25%	1	1	71	74	0.98	1	1	399	0	1	0	C
p122#10	4057	T	Y	512	1	0,19%	1	1	72	74	0.98	1	1	512	0	1	0	C
p122#10	4068	G	R	445	1	0,22%	1	1	73	74	0.98	1	1	445	0	1	0	A
p122#10	4103	C	S	291	1	0,34%	1	1	73	74	0.98	1	1	291	0	1	0	G
