Chrom	Position	Ref	Cons	Reads1	Reads2	VarFreq	Strands1	Strands2	Qual1	Qual2	Pvalue	MapQual1	MapQual2	Reads1Plus	Reads1Minus	Reads2Plus	Reads2Minus	VarAllele
p122#10	155	C	Y	53	1	1,85%	1	1	73	74	0.98	1	1	53	0	1	0	T
p122#10	156	G	R	33	19	36,54%	1	1	73	71	0.98	1	1	33	0	19	0	A
p122#10	161	G	R	53	1	1,85%	1	1	69	62	0.98	1	1	53	0	1	0	A
p122#10	185	G	R	36	1	2,7%	1	1	68	62	0.98	1	1	36	0	1	0	A
p122#10	190	G	R	49	1	2%	1	1	68	74	0.98	1	1	49	0	1	0	A
p122#10	191	A	R	46	1	2,13%	1	1	67	74	0.98	1	1	46	0	1	0	G
p122#10	229	G	R	77	3	3,75%	1	1	70	65	0.98	1	1	77	0	3	0	A
p122#10	233	G	R	27	38	58,46%	1	1	72	66	0.98	1	1	27	0	38	0	A
p122#10	242	G	R	89	2	2,2%	1	1	71	69	0.98	1	1	89	0	2	0	A
p122#10	243	G	R	92	1	1,08%	1	1	71	62	0.98	1	1	92	0	1	0	A
p122#10	244	G	R	99	1	1%	1	1	71	74	0.98	1	1	99	0	1	0	A
p122#10	248	G	R	88	1	1,12%	1	1	69	74	0.98	1	1	88	0	1	0	A
p122#10	249	G	R	101	1	0,98%	1	1	69	74	0.98	1	1	101	0	1	0	A
p122#10	254	C	Y	110	5	4,35%	1	1	69	65	0.98	1	1	110	0	5	0	T
p122#10	255	G	R	56	55	49,55%	1	1	73	65	0.98	1	1	56	0	55	0	A
p122#10	257	G	R	105	1	0,94%	1	1	71	50	0.98	1	1	105	0	1	0	A
p122#10	266	C	Y	111	1	0,89%	1	1	71	74	0.98	1	1	111	0	1	0	T
p122#10	270	G	R	109	4	3,51%	1	1	71	67	0.98	1	1	109	0	4	0	A
p122#10	283	G	R	58	33	36,26%	1	1	70	68	0.98	1	1	58	0	33	0	A
p122#10	287	G	R	84	1	1,18%	1	1	71	74	0.98	1	1	84	0	1	0	A
p122#10	289	G	R	74	3	3,9%	1	1	73	65	0.98	1	1	74	0	3	0	A
p122#10	297	G	R	87	1	1,14%	1	1	73	74	0.98	1	1	87	0	1	0	A
p122#10	299	G	R	81	5	5,81%	1	1	73	61	0.98	1	1	81	0	5	0	A
p122#10	306	G	R	84	3	3,45%	1	1	72	74	0.98	1	1	84	0	3	0	A
p122#10	309	G	R	78	9	10,34%	1	1	72	74	0.98	1	1	78	0	9	0	A
p122#10	322	G	R	78	4	4,88%	1	1	72	68	0.98	1	1	78	0	4	0	A
p122#10	328	C	Y	65	1	1,52%	1	1	73	74	0.98	1	1	65	0	1	0	T
p122#10	333	G	R	54	5	8,47%	1	1	71	74	0.98	1	1	54	0	5	0	A
p122#10	334	A	R	58	1	1,69%	1	1	71	74	0.98	1	1	58	0	1	0	G
p122#10	341	G	R	47	2	3,92%	1	1	72	74	0.98	1	1	47	0	2	0	A
p122#10	345	G	R	38	6	13,64%	1	1	71	70	0.98	1	1	38	0	6	0	A
p122#10	351	G	R	37	1	2,63%	1	1	71	74	0.98	1	1	37	0	1	0	A
p122#10	357	C	Y	37	7	15,91%	1	1	73	70	0.98	1	1	37	0	7	0	T
p122#10	358	G	R	39	5	11,36%	1	1	73	67	0.98	1	1	39	0	5	0	A
p122#10	362	G	R	33	2	5,71%	1	1	73	74	0.98	1	1	33	0	2	0	A
p122#10	371	G	R	21	4	16%	1	1	72	74	0.98	1	1	21	0	4	0	A
p122#10	380	G	R	17	9	34,62%	1	1	71	68	0.98	1	1	17	0	9	0	A
p122#10	387	G	R	25	2	7,41%	1	1	71	74	0.98	1	1	25	0	2	0	A
p122#10	388	G	R	26	1	3,7%	1	1	72	74	0.98	1	1	26	0	1	0	A
p122#10	406	G	R	35	1	2,78%	1	1	71	74	0.98	1	1	35	0	1	0	A
p122#10	407	G	R	34	1	2,86%	1	1	71	74	0.98	1	1	34	0	1	0	A
p122#10	424	G	R	42	4	8,7%	1	1	73	70	0.98	1	1	42	0	4	0	A
p122#10	436	G	R	29	10	25,64%	1	1	71	70	0.98	1	1	29	0	10	0	A
p122#10	437	G	R	40	1	2,44%	1	1	72	74	0.98	1	1	40	0	1	0	A
p122#10	440	G	R	41	3	6,82%	1	1	72	74	0.98	1	1	41	0	3	0	A
p122#10	446	C	Y	50	2	3,85%	1	1	73	61	0.98	1	1	50	0	2	0	T
p122#10	447	G	R	50	1	1,96%	1	1	72	74	0.98	1	1	50	0	1	0	A
p122#10	453	C	Y	52	1	1,89%	1	1	72	74	0.98	1	1	52	0	1	0	T
p122#10	455	G	R	50	2	3,85%	1	1	73	60	0.98	1	1	50	0	2	0	A
p122#10	459	G	R	48	3	5,88%	1	1	72	74	0.98	1	1	48	0	3	0	A
p122#10	462	C	Y	48	1	2,04%	1	1	73	74	0.98	1	1	48	0	1	0	T
p122#10	463	G	R	49	1	2%	1	1	73	74	0.98	1	1	49	0	1	0	A
p122#10	475	G	R	39	9	18,75%	1	1	73	72	0.98	1	1	39	0	9	0	A
p122#10	481	G	R	45	1	2,17%	1	1	74	48	0.98	1	1	45	0	1	0	A
p122#10	490	G	R	44	2	4,35%	1	1	72	62	0.98	1	1	44	0	2	0	A
p122#10	493	G	R	45	2	4,26%	1	1	73	74	0.98	1	1	45	0	2	0	A
p122#10	495	G	R	34	10	22,73%	1	1	74	65	0.98	1	1	34	0	10	0	A
p122#10	497	G	R	38	5	11,63%	1	1	73	66	0.98	1	1	38	0	5	0	A
p122#10	502	G	R	37	2	5,13%	1	1	72	74	0.98	1	1	37	0	2	0	A
p122#10	510	G	R	36	1	2,7%	1	1	73	74	0.98	1	1	36	0	1	0	A
p122#10	514	G	R	12	27	69,23%	1	1	74	70	0.98	1	1	12	0	27	0	A
p122#10	517	G	R	36	1	2,7%	1	1	73	74	0.98	1	1	36	0	1	0	A
p122#10	523	G	R	32	1	3,03%	1	1	73	74	0.98	1	1	32	0	1	0	A
p122#10	526	G	R	38	1	2,56%	1	1	73	74	0.98	1	1	38	0	1	0	A
p122#10	536	G	R	41	2	4,65%	1	1	72	67	0.98	1	1	41	0	2	0	A
p122#10	540	G	R	52	1	1,89%	1	1	73	74	0.98	1	1	52	0	1	0	A
p122#10	543	G	R	51	2	3,77%	1	1	73	48	0.98	1	1	51	0	2	0	A
p122#10	548	G	R	37	7	15,91%	1	1	71	69	0.98	1	1	37	0	7	0	A
p122#10	549	G	R	43	2	4,44%	1	1	72	68	0.98	1	1	43	0	2	0	A
p122#10	557	G	R	54	2	3,57%	1	1	71	69	0.98	1	1	54	0	2	0	A
p122#10	562	G	R	50	6	10,71%	1	1	73	74	0.98	1	1	50	0	6	0	A
p122#10	565	G	R	46	10	17,86%	1	1	73	71	0.98	1	1	46	0	10	0	A
p122#10	566	G	R	54	1	1,82%	1	1	72	74	0.98	1	1	54	0	1	0	A
p122#10	568	G	R	51	4	7,27%	1	1	70	74	0.98	1	1	51	0	4	0	A
p122#10	582	C	Y	37	1	2,63%	1	1	71	74	0.98	1	1	37	0	1	0	T
p122#10	583	G	R	36	1	2,7%	1	1	73	74	0.98	1	1	36	0	1	0	A
p122#10	585	C	Y	33	1	2,94%	1	1	72	74	0.98	1	1	33	0	1	0	T
p122#10	612	G	R	27	2	6,9%	1	1	74	74	0.98	1	1	27	0	2	0	A
p122#10	615	G	R	24	5	17,24%	1	1	72	74	0.98	1	1	24	0	5	0	A
p122#10	618	G	R	26	3	10,34%	1	1	73	65	0.98	1	1	26	0	3	0	A
p122#10	622	G	R	23	6	20,69%	1	1	72	74	0.98	1	1	23	0	6	0	A
p122#10	636	G	R	29	1	3,33%	1	1	74	74	0.98	1	1	29	0	1	0	A
p122#10	639	C	M	33	1	2,94%	1	1	72	74	0.98	1	1	33	0	1	0	A
p122#10	650	G	R	29	2	6,45%	1	1	72	74	0.98	1	1	29	0	2	0	A
p122#10	651	G	R	27	4	12,9%	1	1	72	67	0.98	1	1	27	0	4	0	A
p122#10	665	G	R	19	2	9,52%	1	1	72	65	0.98	1	1	19	0	2	0	A
p122#10	696	G	R	20	15	42,86%	1	1	71	72	0.98	1	1	20	0	15	0	A
p122#10	703	C	Y	38	3	7,32%	1	1	73	74	0.98	1	1	38	0	3	0	T
p122#10	704	G	R	40	1	2,44%	1	1	73	74	0.98	1	1	40	0	1	0	A
p122#10	705	G	R	44	4	8,33%	1	1	73	74	0.98	1	1	44	0	4	0	A
p122#10	709	G	R	58	2	3,33%	1	1	72	48	0.98	1	1	58	0	2	0	A
p122#10	711	C	Y	60	1	1,64%	1	1	73	74	0.98	1	1	60	0	1	0	T
p122#10	713	G	R	62	4	6,06%	1	1	73	74	0.98	1	1	62	0	4	0	A
p122#10	716	G	R	50	10	16,67%	1	1	72	69	0.98	1	1	50	0	10	0	A
p122#10	717	G	R	48	13	21,31%	1	1	71	72	0.98	1	1	48	0	13	0	A
p122#10	718	G	R	46	15	24,59%	1	1	72	73	0.98	1	1	46	0	15	0	A
p122#10	721	G	R	55	3	5,17%	1	1	72	56	0.98	1	1	55	0	3	0	A
p122#10	724	G	R	51	8	13,56%	1	1	72	71	0.98	1	1	51	0	8	0	A
p122#10	725	G	R	57	1	1,72%	1	1	72	74	0.98	1	1	57	0	1	0	A
p122#10	732	G	R	50	3	5,66%	1	1	73	65	0.98	1	1	50	0	3	0	A
p122#10	735	G	R	50	1	1,96%	1	1	73	74	0.98	1	1	50	0	1	0	A
p122#10	745	G	R	46	14	23,33%	1	1	73	69	0.98	1	1	46	0	14	0	A
p122#10	748	G	R	39	14	26,42%	1	1	73	69	0.98	1	1	39	0	14	0	A
p122#10	756	C	Y	48	1	2,04%	1	1	74	48	0.98	1	1	48	0	1	0	T
p122#10	760	G	R	39	10	20,41%	1	1	74	72	0.98	1	1	39	0	10	0	A
p122#10	765	G	R	40	5	11,11%	1	1	73	74	0.98	1	1	40	0	5	0	A
p122#10	767	A	R	44	1	2,22%	1	1	73	62	0.98	1	1	44	0	1	0	G
p122#10	768	G	R	44	1	2,22%	1	1	73	74	0.98	1	1	44	0	1	0	A
p122#10	770	G	R	43	1	2,27%	1	1	73	74	0.98	1	1	43	0	1	0	A
p122#10	773	G	R	41	3	6,82%	1	1	73	74	0.98	1	1	41	0	3	0	A
p122#10	780	G	R	40	2	4,76%	1	1	73	74	0.98	1	1	40	0	2	0	A
p122#10	781	G	R	37	5	11,9%	1	1	73	74	0.98	1	1	37	0	5	0	A
p122#10	787	G	R	39	1	2,5%	1	1	72	74	0.98	1	1	39	0	1	0	A
p122#10	792	C	Y	36	1	2,7%	1	1	73	74	0.98	1	1	36	0	1	0	T
p122#10	795	C	Y	29	1	3,33%	1	1	72	62	0.98	1	1	29	0	1	0	T
p122#10	801	C	Y	25	1	3,85%	1	1	73	74	0.98	1	1	25	0	1	0	T
p122#10	808	G	R	6	11	64,71%	1	1	74	68	0.98	1	1	6	0	11	0	A
p122#10	832	G	R	12	3	20%	1	1	71	62	0.98	1	1	12	0	3	0	A
p122#10	842	G	R	15	6	28,57%	1	1	70	70	0.98	1	1	15	0	6	0	A
p122#10	843	G	R	20	2	9,09%	1	1	69	72	0.98	1	1	20	0	2	0	A
p122#10	844	G	R	18	3	14,29%	1	1	69	72	0.98	1	1	18	0	3	0	A
p122#10	858	G	R	29	5	14,71%	1	1	73	74	0.98	1	1	29	0	5	0	A
p122#10	866	G	R	37	1	2,63%	1	1	72	74	0.98	1	1	37	0	1	0	A
p122#10	867	G	R	46	1	2,13%	1	1	70	74	0.98	1	1	46	0	1	0	A
p122#10	878	G	R	35	12	25,53%	1	1	71	73	0.98	1	1	35	0	12	0	A
p122#10	879	G	R	41	4	8,89%	1	1	71	74	0.98	1	1	41	0	4	0	A
p122#10	882	G	R	42	2	4,55%	1	1	72	72	0.98	1	1	42	0	2	0	A
p122#10	893	G	R	38	2	5%	1	1	73	49	0.98	1	1	38	0	2	0	A
p122#10	899	G	R	41	2	4,65%	1	1	71	74	0.98	1	1	41	0	2	0	A
p122#10	904	G	R	39	9	18,75%	1	1	72	69	0.98	1	1	39	0	9	0	A
p122#10	910	G	R	39	6	13,33%	1	1	73	72	0.98	1	1	39	0	6	0	A
p122#10	915	G	R	42	1	2,33%	1	1	73	74	0.98	1	1	42	0	1	0	A
p122#10	917	G	R	42	1	2,33%	1	1	72	48	0.98	1	1	42	0	1	0	A
p122#10	918	G	R	40	3	6,98%	1	1	73	74	0.98	1	1	40	0	3	0	A
p122#10	920	G	R	40	1	2,44%	1	1	74	74	0.98	1	1	40	0	1	0	A
p122#10	924	G	R	38	2	5%	1	1	73	74	0.98	1	1	38	0	2	0	A
p122#10	925	G	R	36	4	10%	1	1	73	74	0.98	1	1	36	0	4	0	A
p122#10	930	C	S	38	1	2,56%	1	1	73	74	0.98	1	1	38	0	1	0	G
p122#10	937	G	R	36	2	5,26%	1	1	73	74	0.98	1	1	36	0	2	0	A
p122#10	948	G	R	44	1	2,22%	1	1	73	74	0.98	1	1	44	0	1	0	A
p122#10	958	G	R	37	2	5,13%	1	1	72	74	0.98	1	1	37	0	2	0	A
p122#10	969	G	R	37	4	9,76%	1	1	73	74	0.98	1	1	37	0	4	0	A
p122#10	976	G	R	46	2	4,17%	1	1	72	74	0.98	1	1	46	0	2	0	A
p122#10	981	G	R	46	2	4,17%	1	1	72	69	0.98	1	1	46	0	2	0	A
p122#10	987	C	Y	41	1	2,38%	1	1	73	74	0.98	1	1	41	0	1	0	T
p122#10	991	G	R	57	1	1,72%	1	1	73	74	0.98	1	1	57	0	1	0	A
p122#10	995	G	R	77	3	3,75%	1	1	72	70	0.98	1	1	77	0	3	0	A
p122#10	996	G	R	76	1	1,3%	1	1	73	47	0.98	1	1	76	0	1	0	A
p122#10	999	G	R	69	4	5,48%	1	1	71	63	0.98	1	1	69	0	4	0	A
p122#10	1005	C	Y	68	2	2,86%	1	1	72	64	0.98	1	1	68	0	2	0	T
p122#10	1011	C	Y	63	1	1,56%	1	1	73	74	0.98	1	1	63	0	1	0	T
p122#10	1018	G	R	35	41	53,95%	1	1	72	71	0.98	1	1	35	0	41	0	A
p122#10	1023	C	Y	79	1	1,25%	1	1	73	47	0.98	1	1	79	0	1	0	T
p122#10	1032	G	R	53	6	10,17%	1	1	72	74	0.98	1	1	53	0	6	0	A
p122#10	1035	C	Y	55	2	3,51%	1	1	71	74	0.98	1	1	55	0	2	0	T
p122#10	1036	G	R	50	8	13,79%	1	1	71	74	0.98	1	1	50	0	8	0	A
p122#10	1043	G	R	46	2	4,17%	1	1	72	74	0.98	1	1	46	0	2	0	A
p122#10	1054	G	R	30	3	9,09%	1	1	72	63	0.98	1	1	30	0	3	0	A
p122#10	1056	G	A	6	25	80,65%	1	1	72	70	0.98	1	1	6	0	25	0	A
p122#10	1063	G	R	17	12	41,38%	1	1	73	73	0.98	1	1	17	0	12	0	A
p122#10	1081	G	R	9	14	60,87%	1	1	69	72	0.98	1	1	9	0	14	0	A
p122#10	1084	G	R	15	6	28,57%	1	1	69	74	0.98	1	1	15	0	6	0	A
p122#10	1093	G	R	19	1	5%	1	1	73	74	0.98	1	1	19	0	1	0	A
p122#10	1112	G	R	5	1	16,67%	1	1	73	74	0.98	1	1	5	0	1	0	A
p122#10	1139	G	R	15	1	6,25%	1	1	72	74	0.98	1	1	15	0	1	0	A
p122#10	1150	C	Y	16	1	5,88%	1	1	73	74	0.98	1	1	16	0	1	0	T
p122#10	1161	G	R	24	2	7,69%	1	1	72	74	0.98	1	1	24	0	2	0	A
p122#10	1175	G	R	27	7	20,59%	1	1	71	68	0.98	1	1	27	0	7	0	A
p122#10	1183	G	R	12	20	62,5%	1	1	72	70	0.98	1	1	12	0	20	0	A
p122#10	1191	G	R	22	4	15,38%	1	1	74	67	0.98	1	1	22	0	4	0	A
p122#10	1201	G	R	26	3	10,34%	1	1	73	74	0.98	1	1	26	0	3	0	A
p122#10	1209	G	R	20	18	47,37%	1	1	74	72	0.98	1	1	20	0	18	0	A
p122#10	1215	G	R	34	4	10,53%	1	1	73	71	0.98	1	1	34	0	4	0	A
p122#10	1218	G	R	37	1	2,63%	1	1	73	74	0.98	1	1	37	0	1	0	A
p122#10	1219	G	R	32	6	15,79%	1	1	73	70	0.98	1	1	32	0	6	0	A
p122#10	1224	G	R	34	1	2,86%	1	1	74	74	0.98	1	1	34	0	1	0	A
p122#10	1225	G	R	34	1	2,86%	1	1	74	74	0.98	1	1	34	0	1	0	A
p122#10	1231	G	R	15	23	60,53%	1	1	74	67	0.98	1	1	15	0	23	0	A
p122#10	1234	G	R	33	2	5,71%	1	1	73	74	0.98	1	1	33	0	2	0	A
p122#10	1240	G	R	33	1	2,94%	1	1	72	74	0.98	1	1	33	0	1	0	A
p122#10	1255	G	R	22	2	8,33%	1	1	72	74	0.98	1	1	22	0	2	0	A
p122#10	1259	G	R	26	1	3,7%	1	1	72	45	0.98	1	1	26	0	1	0	A
p122#10	1261	G	R	21	4	16%	1	1	71	66	0.98	1	1	21	0	4	0	A
p122#10	1264	G	R	7	14	66,67%	1	1	74	62	0.98	1	1	7	0	14	0	A
p122#10	1267	G	R	20	1	4,76%	1	1	71	74	0.98	1	1	20	0	1	0	A
p122#10	1270	G	R	20	2	9,09%	1	1	74	61	0.98	1	1	20	0	2	0	A
p122#10	1276	G	R	6	17	73,91%	1	1	74	71	0.98	1	1	6	0	17	0	A
p122#10	1281	G	R	15	11	42,31%	1	1	73	67	0.98	1	1	15	0	11	0	A
p122#10	1284	G	R	25	3	10,71%	1	1	71	59	0.98	1	1	25	0	3	0	A
p122#10	1296	G	R	37	3	7,5%	1	1	73	65	0.98	1	1	37	0	3	0	A
p122#10	1302	G	R	22	18	45%	1	1	73	69	0.98	1	1	22	0	18	0	A
p122#10	1311	C	Y	59	1	1,67%	1	1	73	62	0.98	1	1	59	0	1	0	T
p122#10	1313	G	R	57	1	1,72%	1	1	74	74	0.98	1	1	57	0	1	0	A
p122#10	1320	G	R	66	2	2,94%	1	1	72	74	0.98	1	1	66	0	2	0	A
p122#10	1321	G	R	65	2	2,99%	1	1	72	74	0.98	1	1	65	0	2	0	A
p122#10	1329	G	R	52	4	7,14%	1	1	73	74	0.98	1	1	52	0	4	0	A
p122#10	1332	G	R	56	5	8,2%	1	1	73	74	0.98	1	1	56	0	5	0	A
p122#10	1333	G	R	62	1	1,59%	1	1	73	74	0.98	1	1	62	0	1	0	A
p122#10	1340	G	R	54	1	1,82%	1	1	73	74	0.98	1	1	54	0	1	0	A
p122#10	1344	G	R	44	9	16,98%	1	1	73	68	0.98	1	1	44	0	9	0	A
p122#10	1347	G	R	56	2	3,45%	1	1	73	74	0.98	1	1	56	0	2	0	A
p122#10	1350	G	R	47	7	12,96%	1	1	73	72	0.98	1	1	47	0	7	0	A
p122#10	1353	G	R	46	6	11,54%	1	1	73	70	0.98	1	1	46	0	6	0	A
p122#10	1356	C	Y	53	4	7,02%	1	1	73	66	0.98	1	1	53	0	4	0	T
p122#10	1359	G	R	51	1	1,92%	1	1	73	60	0.98	1	1	51	0	1	0	A
p122#10	1362	G	R	35	17	32,69%	1	1	72	71	0.98	1	1	35	0	17	0	A
p122#10	1372	G	R	48	4	7,69%	1	1	73	74	0.98	1	1	48	0	4	0	A
p122#10	1379	G	R	45	3	6,12%	1	1	73	64	0.98	1	1	45	0	3	0	A
p122#10	1384	G	R	52	1	1,89%	1	1	73	74	0.98	1	1	52	0	1	0	A
p122#10	1386	G	R	51	1	1,92%	1	1	72	74	0.98	1	1	51	0	1	0	A
p122#10	1388	G	R	47	5	9,62%	1	1	73	71	0.98	1	1	47	0	5	0	A
p122#10	1395	G	A	6	36	85,71%	1	1	73	72	0.98	1	1	6	0	36	0	A
p122#10	1396	G	R	23	19	45,24%	1	1	71	71	0.98	1	1	23	0	19	0	A
p122#10	1399	C	Y	41	1	2,38%	1	1	72	74	0.98	1	1	41	0	1	0	T
p122#10	1404	G	R	35	2	5,41%	1	1	72	74	0.98	1	1	35	0	2	0	A
p122#10	1411	C	M	32	1	3,03%	1	1	73	74	0.98	1	1	32	0	1	0	A
p122#10	1414	G	R	12	21	63,64%	1	1	74	71	0.98	1	1	12	0	21	0	A
p122#10	1422	C	Y	40	1	2,44%	1	1	73	58	0.98	1	1	40	0	1	0	T
p122#10	1427	C	Y	37	2	5,13%	1	1	72	74	0.98	1	1	37	0	2	0	T
p122#10	1428	G	R	35	1	2,78%	1	1	73	74	0.98	1	1	35	0	1	0	A
p122#10	1437	G	R	38	3	7,32%	1	1	71	65	0.98	1	1	38	0	3	0	A
p122#10	1438	G	R	29	14	31,82%	1	1	73	71	0.98	1	1	29	0	14	0	A
p122#10	1442	G	R	44	1	2,17%	1	1	71	74	0.98	1	1	44	0	1	0	A
p122#10	1449	G	R	53	4	7,02%	1	1	72	61	0.98	1	1	53	0	4	0	A
p122#10	1452	G	R	47	4	7,84%	1	1	72	74	0.98	1	1	47	0	4	0	A
p122#10	1453	G	R	47	4	7,84%	1	1	71	70	0.98	1	1	47	0	4	0	A
p122#10	1457	G	R	40	5	11,11%	1	1	72	69	0.98	1	1	40	0	5	0	A
p122#10	1460	C	M	49	1	2%	1	1	72	74	0.98	1	1	49	0	1	0	A
p122#10	1461	G	R	22	26	54,17%	1	1	71	68	0.98	1	1	22	0	26	0	A
p122#10	1466	G	R	33	10	23,26%	1	1	69	63	0.98	1	1	33	0	10	0	A
p122#10	1477	G	A	5	37	88,1%	1	1	71	70	0.98	1	1	5	0	37	0	A
p122#10	1480	G	R	32	13	28,89%	1	1	71	67	0.98	1	1	32	0	13	0	A
p122#10	1481	G	R	45	1	2,17%	1	1	72	74	0.98	1	1	45	0	1	0	A
p122#10	1484	C	Y	43	1	2,27%	1	1	72	74	0.98	1	1	43	0	1	0	T
p122#10	1498	G	R	49	3	5,77%	1	1	70	62	0.98	1	1	49	0	3	0	A
p122#10	1500	G	R	44	9	16,98%	1	1	72	69	0.98	1	1	44	0	9	0	A
p122#10	1501	G	R	50	2	3,85%	1	1	71	67	0.98	1	1	50	0	2	0	A
p122#10	1504	G	R	43	1	2,27%	1	1	73	74	0.98	1	1	43	0	1	0	A
p122#10	1506	G	R	30	6	16,67%	1	1	71	72	0.98	1	1	30	0	6	0	A
p122#10	1513	G	R	26	13	33,33%	1	1	73	70	0.98	1	1	26	0	13	0	A
p122#10	1517	G	R	37	1	2,63%	1	1	69	74	0.98	1	1	37	0	1	0	A
p122#10	1519	G	R	12	25	67,57%	1	1	73	72	0.98	1	1	12	0	25	0	A
p122#10	1527	G	R	18	16	47,06%	1	1	72	70	0.98	1	1	18	0	16	0	A
p122#10	1528	G	R	20	15	42,86%	1	1	72	70	0.98	1	1	20	0	15	0	A
p122#10	1534	C	Y	35	1	2,78%	1	1	71	74	0.98	1	1	35	0	1	0	T
p122#10	1535	G	R	35	3	7,89%	1	1	73	74	0.98	1	1	35	0	3	0	A
p122#10	1539	C	Y	30	4	11,76%	1	1	72	74	0.98	1	1	30	0	4	0	T
p122#10	1540	G	R	26	7	21,21%	1	1	72	69	0.98	1	1	26	0	7	0	A
p122#10	1545	G	R	25	6	19,35%	1	1	73	69	0.98	1	1	25	0	6	0	A
p122#10	1550	G	R	27	2	6,9%	1	1	72	74	0.98	1	1	27	0	2	0	A
p122#10	1554	C	Y	26	1	3,7%	1	1	71	74	0.98	1	1	26	0	1	0	T
p122#10	1555	G	R	19	7	26,92%	1	1	69	72	0.98	1	1	19	0	7	0	A
p122#10	1564	G	R	16	1	5,88%	1	1	73	74	0.98	1	1	16	0	1	0	A
p122#10	1567	G	R	14	2	12,5%	1	1	74	61	0.98	1	1	14	0	2	0	A
p122#10	1581	G	R	24	2	7,69%	1	1	72	74	0.98	1	1	24	0	2	0	A
p122#10	1593	G	R	11	10	47,62%	1	1	68	72	0.98	1	1	11	0	10	0	A
p122#10	1594	G	R	8	14	63,64%	1	1	70	72	0.98	1	1	8	0	14	0	A
p122#10	1620	G	R	19	4	17,39%	1	1	71	71	0.98	1	1	19	0	4	0	A
p122#10	1626	C	Y	21	1	4,55%	1	1	72	74	0.98	1	1	21	0	1	0	T
p122#10	1630	G	R	26	2	7,14%	1	1	69	74	0.98	1	1	26	0	2	0	A
p122#10	1632	G	R	19	8	29,63%	1	1	62	72	0.98	1	1	19	0	8	0	A
p122#10	1633	G	R	11	13	54,17%	1	1	64	65	0.98	1	1	11	0	13	0	A
p122#10	1639	C	Y	22	1	4,17%	1	1	71	74	0.98	1	1	22	0	1	0	T
p122#10	1641	G	R	21	1	4,35%	1	1	66	74	0.98	1	1	21	0	1	0	A
p122#10	1673	G	R	15	6	28,57%	1	1	73	74	0.98	1	1	15	0	6	0	A
p122#10	1675	C	Y	18	1	5,26%	1	1	74	74	0.98	1	1	18	0	1	0	T
p122#10	1681	G	R	16	2	11,11%	1	1	73	61	0.98	1	1	16	0	2	0	A
p122#10	1683	G	R	10	7	41,18%	1	1	74	74	0.98	1	1	10	0	7	0	A
p122#10	1684	G	R	13	4	23,53%	1	1	71	74	0.98	1	1	13	0	4	0	A
p122#10	1687	G	R	12	5	29,41%	1	1	74	74	0.98	1	1	12	0	5	0	A
p122#10	1696	G	R	18	1	5,26%	1	1	73	48	0.98	1	1	18	0	1	0	A
p122#10	1704	G	R	15	4	21,05%	1	1	73	71	0.98	1	1	15	0	4	0	A
p122#10	1708	G	R	16	4	20%	1	1	74	74	0.98	1	1	16	0	4	0	A
p122#10	1717	C	Y	13	2	13,33%	1	1	74	74	0.98	1	1	13	0	2	0	T
p122#10	1719	G	R	14	2	12,5%	1	1	73	74	0.98	1	1	14	0	2	0	A
p122#10	1731	G	R	5	8	61,54%	1	1	74	65	0.98	1	1	5	0	8	0	A
p122#10	1738	G	R	10	5	33,33%	1	1	73	64	0.98	1	1	10	0	5	0	A
p122#10	1746	G	R	18	7	28%	1	1	71	72	0.98	1	1	18	0	7	0	A
p122#10	1747	G	R	24	2	7,69%	1	1	73	68	0.98	1	1	24	0	2	0	A
p122#10	1752	G	R	29	2	6,45%	1	1	71	74	0.98	1	1	29	0	2	0	A
p122#10	1753	C	Y	31	2	6,06%	1	1	73	58	0.98	1	1	31	0	2	0	T
p122#10	1758	G	R	32	11	25,58%	1	1	71	71	0.98	1	1	32	0	11	0	A
p122#10	1759	G	R	38	7	15,56%	1	1	72	73	0.98	1	1	38	0	7	0	A
p122#10	1770	C	Y	49	1	2%	1	1	72	74	0.98	1	1	49	0	1	0	T
p122#10	1773	G	R	25	29	53,7%	1	1	73	68	0.98	1	1	25	0	29	0	A
p122#10	1775	G	R	71	1	1,39%	1	1	73	74	0.98	1	1	71	0	1	0	A
p122#10	1782	G	R	65	1	1,52%	1	1	73	63	0.98	1	1	65	0	1	0	A
p122#10	1786	G	R	66	4	5,71%	1	1	73	71	0.98	1	1	66	0	4	0	A
p122#10	1788	G	R	52	16	23,53%	1	1	71	71	0.98	1	1	52	0	16	0	A
p122#10	1791	G	R	65	3	4,41%	1	1	73	74	0.98	1	1	65	0	3	0	A
p122#10	1793	C	Y	62	3	4,41%	1	1	72	68	0.98	1	1	62	0	3	0	T
p122#10	1798	G	R	48	5	9,43%	1	1	72	71	0.98	1	1	48	0	5	0	A
p122#10	1801	C	Y	48	2	4%	1	1	73	74	0.98	1	1	48	0	2	0	T
p122#10	1803	G	A	7	44	86,27%	1	1	74	68	0.98	1	1	7	0	44	0	A
p122#10	1806	C	Y	45	1	2,13%	1	1	72	74	0.98	1	1	45	0	1	0	T
p122#10	1807	G	R	25	20	42,55%	1	1	72	70	0.98	1	1	25	0	20	0	A
p122#10	1814	G	R	41	1	2,38%	1	1	72	74	0.98	1	1	41	0	1	0	A
p122#10	1827	C	Y	36	1	2,7%	1	1	73	74	0.98	1	1	36	0	1	0	T
p122#10	1830	G	R	21	10	32,26%	1	1	73	71	0.98	1	1	21	0	10	0	A
p122#10	1833	G	R	17	12	41,38%	1	1	74	69	0.98	1	1	17	0	12	0	A
p122#10	1834	G	R	15	14	48,28%	1	1	74	74	0.98	1	1	15	0	14	0	A
p122#10	1840	G	R	29	1	3,33%	1	1	73	74	0.98	1	1	29	0	1	0	A
p122#10	1842	G	R	28	2	6,67%	1	1	73	61	0.98	1	1	28	0	2	0	A
p122#10	1844	C	Y	28	1	3,45%	1	1	73	74	0.98	1	1	28	0	1	0	T
p122#10	1845	G	R	26	2	7,14%	1	1	72	74	0.98	1	1	26	0	2	0	A
p122#10	1849	G	R	30	1	3,23%	1	1	72	74	0.98	1	1	30	0	1	0	A
p122#10	1851	G	R	30	4	11,76%	1	1	72	74	0.98	1	1	30	0	4	0	A
p122#10	1852	G	R	31	3	8,82%	1	1	70	74	0.98	1	1	31	0	3	0	A
p122#10	1853	G	R	28	6	17,65%	1	1	73	72	0.98	1	1	28	0	6	0	A
p122#10	1857	C	Y	32	1	3,03%	1	1	74	74	0.98	1	1	32	0	1	0	T
p122#10	1869	G	R	28	1	3,45%	1	1	72	74	0.98	1	1	28	0	1	0	A
p122#10	1873	G	R	17	8	32%	1	1	71	72	0.98	1	1	17	0	8	0	A
p122#10	1878	G	R	22	3	12%	1	1	71	74	0.98	1	1	22	0	3	0	A
p122#10	1891	G	R	26	1	3,7%	1	1	73	74	0.98	1	1	26	0	1	0	A
p122#10	1892	G	R	24	3	11,11%	1	1	71	73	0.98	1	1	24	0	3	0	A
p122#10	1898	C	Y	21	3	12,5%	1	1	72	63	0.98	1	1	21	0	3	0	T
p122#10	1904	G	R	16	7	30,43%	1	1	71	70	0.98	1	1	16	0	7	0	A
p122#10	1925	C	Y	38	1	2,56%	1	1	71	74	0.98	1	1	38	0	1	0	T
p122#10	1932	G	R	38	3	7,32%	1	1	74	74	0.98	1	1	38	0	3	0	A
p122#10	1938	G	R	24	15	38,46%	1	1	72	72	0.98	1	1	24	0	15	0	A
p122#10	1944	G	R	15	16	51,61%	1	1	73	68	0.98	1	1	15	0	16	0	A
p122#10	1948	C	Y	23	2	8%	1	1	71	74	0.98	1	1	23	0	2	0	T
p122#10	1958	G	A	0	18	100%	0	1	0	68	0.98	0	1	0	0	18	0	A
p122#10	1979	G	R	6	6	50%	1	1	67	74	0.98	1	1	6	0	6	0	A
p122#10	1989	G	R	8	3	27,27%	1	1	72	74	0.98	1	1	8	0	3	0	A
p122#10	1995	G	A	1	9	90%	1	1	74	74	0.98	1	1	1	0	9	0	A
p122#10	1997	G	R	10	1	9,09%	1	1	71	74	0.98	1	1	10	0	1	0	A
p122#10	2002	C	Y	14	1	6,67%	1	1	70	74	0.98	1	1	14	0	1	0	T
p122#10	2012	G	R	18	1	5,26%	1	1	71	74	0.98	1	1	18	0	1	0	A
p122#10	2014	G	R	18	1	5,26%	1	1	74	74	0.98	1	1	18	0	1	0	A
p122#10	2026	C	Y	20	1	4,76%	1	1	74	74	0.98	1	1	20	0	1	0	T
p122#10	2037	G	R	47	2	4,08%	1	1	70	61	0.98	1	1	47	0	2	0	A
p122#10	2038	G	R	47	1	2,08%	1	1	70	74	0.98	1	1	47	0	1	0	A
p122#10	2045	G	R	66	3	4,35%	1	1	71	70	0.98	1	1	66	0	3	0	A
p122#10	2053	G	R	60	8	10,96%	1	1	73	70	0.98	1	1	60	0	8	0	A
p122#10	2059	G	R	97	1	1,02%	1	1	73	66	0.98	1	1	97	0	1	0	A
p122#10	2060	C	Y	96	1	1,03%	1	1	72	74	0.98	1	1	96	0	1	0	T
p122#10	2066	C	Y	106	2	1,85%	1	1	72	61	0.98	1	1	106	0	2	0	T
p122#10	2068	G	R	96	6	5,88%	1	1	72	70	0.98	1	1	96	0	6	0	A
p122#10	2073	G	R	89	12	11,88%	1	1	70	67	0.98	1	1	89	0	12	0	A
p122#10	2076	G	R	41	43	51,19%	1	1	72	68	0.98	1	1	41	0	43	0	A
p122#10	2077	G	R	79	5	5,95%	1	1	71	71	0.98	1	1	79	0	5	0	A
p122#10	2079	G	R	41	45	52,33%	1	1	72	71	0.98	1	1	41	0	45	0	A
p122#10	2089	G	R	65	6	8,45%	1	1	73	72	0.98	1	1	65	0	6	0	A
p122#10	2092	G	R	64	6	8,57%	1	1	71	74	0.98	1	1	64	0	6	0	A
p122#10	2095	G	A	10	53	84,13%	1	1	74	69	0.98	1	1	10	0	53	0	A
p122#10	2098	G	R	49	12	19,67%	1	1	70	74	0.98	1	1	49	0	12	0	A
p122#10	2101	C	Y	54	1	1,82%	1	1	73	74	0.98	1	1	54	0	1	0	T
p122#10	2103	G	R	43	8	15,69%	1	1	73	69	0.98	1	1	43	0	8	0	A
p122#10	2106	G	R	44	10	18,52%	1	1	72	69	0.98	1	1	44	0	10	0	A
p122#10	2107	G	R	38	11	22,45%	1	1	73	73	0.98	1	1	38	0	11	0	A
p122#10	2110	G	R	46	3	6,12%	1	1	73	74	0.98	1	1	46	0	3	0	A
p122#10	2114	G	R	41	5	10,87%	1	1	73	68	0.98	1	1	41	0	5	0	A
p122#10	2118	G	R	40	4	9,09%	1	1	72	68	0.98	1	1	40	0	4	0	A
p122#10	2119	G	R	34	9	20,93%	1	1	73	71	0.98	1	1	34	0	9	0	A
p122#10	2120	G	R	35	8	18,6%	1	1	74	71	0.98	1	1	35	0	8	0	A
p122#10	2127	C	Y	35	2	5,41%	1	1	73	74	0.98	1	1	35	0	2	0	T
p122#10	2128	G	R	32	5	13,51%	1	1	72	74	0.98	1	1	32	0	5	0	A
p122#10	2133	G	A	5	25	83,33%	1	1	68	74	0.98	1	1	5	0	25	0	A
p122#10	2134	G	R	12	18	60%	1	1	73	72	0.98	1	1	12	0	18	0	A
p122#10	2146	G	R	24	1	4%	1	1	70	74	0.98	1	1	24	0	1	0	A
p122#10	2151	G	R	9	13	59,09%	1	1	73	71	0.98	1	1	9	0	13	0	A
p122#10	2158	G	R	9	10	52,63%	1	1	74	68	0.98	1	1	9	0	10	0	A
p122#10	2160	G	R	20	2	9,09%	1	1	71	74	0.98	1	1	20	0	2	0	A
p122#10	2173	G	A	2	14	87,5%	1	1	74	70	0.98	1	1	2	0	14	0	A
p122#10	2180	G	R	18	1	4,76%	1	1	73	74	0.98	1	1	18	0	1	0	A
p122#10	2185	C	Y	22	1	4,35%	1	1	71	74	0.98	1	1	22	0	1	0	T
p122#10	2190	G	R	21	4	16%	1	1	72	63	0.98	1	1	21	0	4	0	A
p122#10	2193	G	R	23	1	4,17%	1	1	71	74	0.98	1	1	23	0	1	0	A
p122#10	2211	G	R	32	6	15,79%	1	1	74	69	0.98	1	1	32	0	6	0	A
p122#10	2218	G	R	48	1	2,04%	1	1	71	74	0.98	1	1	48	0	1	0	A
p122#10	2219	G	R	46	1	2,13%	1	1	71	62	0.98	1	1	46	0	1	0	A
p122#10	2223	G	R	50	6	10,71%	1	1	71	65	0.98	1	1	50	0	6	0	A
p122#10	2224	G	R	53	2	3,64%	1	1	72	67	0.98	1	1	53	0	2	0	A
p122#10	2234	G	R	37	20	35,09%	1	1	72	73	0.98	1	1	37	0	20	0	A
p122#10	2239	G	R	53	6	10,17%	1	1	73	68	0.98	1	1	53	0	6	0	A
p122#10	2245	G	R	42	10	19,23%	1	1	73	74	0.98	1	1	42	0	10	0	A
p122#10	2246	G	R	49	2	3,92%	1	1	73	74	0.98	1	1	49	0	2	0	A
p122#10	2251	G	R	44	1	2,22%	1	1	73	74	0.98	1	1	44	0	1	0	A
p122#10	2259	C	Y	45	1	2,17%	1	1	73	62	0.98	1	1	45	0	1	0	T
p122#10	2260	G	R	32	11	25,58%	1	1	73	69	0.98	1	1	32	0	11	0	A
p122#10	2264	G	R	43	3	6,52%	1	1	73	74	0.98	1	1	43	0	3	0	A
p122#10	2266	C	Y	42	1	2,33%	1	1	73	74	0.98	1	1	42	0	1	0	T
p122#10	2267	G	R	38	4	9,52%	1	1	72	71	0.98	1	1	38	0	4	0	A
p122#10	2279	C	Y	35	1	2,78%	1	1	73	44	0.98	1	1	35	0	1	0	T
p122#10	2283	G	R	28	4	12,5%	1	1	73	72	0.98	1	1	28	0	4	0	A
p122#10	2287	G	R	26	2	7,14%	1	1	74	74	0.98	1	1	26	0	2	0	A
p122#10	2292	G	R	8	17	68%	1	1	72	73	0.98	1	1	8	0	17	0	A
p122#10	2293	G	R	22	3	12%	1	1	73	70	0.98	1	1	22	0	3	0	A
p122#10	2296	G	R	12	12	50%	1	1	74	74	0.98	1	1	12	0	12	0	A
p122#10	2308	G	R	21	1	4,55%	1	1	74	74	0.98	1	1	21	0	1	0	A
p122#10	2320	C	Y	24	1	4%	1	1	72	74	0.98	1	1	24	0	1	0	T
p122#10	2328	G	R	20	2	9,09%	1	1	71	74	0.98	1	1	20	0	2	0	A
p122#10	2329	G	R	16	6	27,27%	1	1	73	69	0.98	1	1	16	0	6	0	A
p122#10	2333	G	R	27	1	3,57%	1	1	73	74	0.98	1	1	27	0	1	0	A
p122#10	2337	G	R	16	7	30,43%	1	1	74	74	0.98	1	1	16	0	7	0	A
p122#10	2341	G	R	20	1	4,76%	1	1	73	74	0.98	1	1	20	0	1	0	A
p122#10	2345	G	R	17	2	10,53%	1	1	73	74	0.98	1	1	17	0	2	0	A
p122#10	2354	G	R	32	1	3,03%	1	1	71	74	0.98	1	1	32	0	1	0	A
p122#10	2362	G	R	34	1	2,86%	1	1	71	61	0.98	1	1	34	0	1	0	A
p122#10	2373	G	R	23	11	32,35%	1	1	72	61	0.98	1	1	23	0	11	0	A
p122#10	2377	G	R	24	10	29,41%	1	1	71	63	0.98	1	1	24	0	10	0	A
p122#10	2382	C	Y	36	1	2,7%	1	1	73	74	0.98	1	1	36	0	1	0	T
p122#10	2388	G	R	37	5	11,9%	1	1	72	74	0.98	1	1	37	0	5	0	A
p122#10	2403	G	R	23	11	32,35%	1	1	72	72	0.98	1	1	23	0	11	0	A
p122#10	2405	C	Y	33	2	5,71%	1	1	72	74	0.98	1	1	33	0	2	0	T
p122#10	2408	C	Y	45	1	2,17%	1	1	71	48	0.98	1	1	45	0	1	0	T
p122#10	2409	G	R	19	25	56,82%	1	1	71	68	0.98	1	1	19	0	25	0	A
p122#10	2412	C	Y	36	9	20%	1	1	73	67	0.98	1	1	36	0	9	0	T
p122#10	2413	G	R	31	11	26,19%	1	1	72	73	0.98	1	1	31	0	11	0	A
p122#10	2414	G	R	32	11	25,58%	1	1	71	72	0.98	1	1	32	0	11	0	A
p122#10	2417	G	R	40	1	2,44%	1	1	74	74	0.98	1	1	40	0	1	0	A
p122#10	2421	G	R	14	25	64,1%	1	1	73	72	0.98	1	1	14	0	25	0	A
p122#10	2427	G	R	36	1	2,7%	1	1	74	74	0.98	1	1	36	0	1	0	A
p122#10	2434	G	R	31	3	8,82%	1	1	73	74	0.98	1	1	31	0	3	0	A
p122#10	2448	C	Y	31	1	3,12%	1	1	73	74	0.98	1	1	31	0	1	0	T
p122#10	2451	G	R	25	5	16,67%	1	1	68	71	0.98	1	1	25	0	5	0	A
p122#10	2452	G	R	25	4	13,79%	1	1	68	74	0.98	1	1	25	0	4	0	A
p122#10	2453	G	R	20	6	23,08%	1	1	72	74	0.98	1	1	20	0	6	0	A
p122#10	2454	G	R	16	10	38,46%	1	1	71	74	0.98	1	1	16	0	10	0	A
p122#10	2455	G	R	9	16	64%	1	1	73	72	0.98	1	1	9	0	16	0	A
p122#10	2458	C	Y	24	1	4%	1	1	73	74	0.98	1	1	24	0	1	0	T
p122#10	2468	G	R	17	3	15%	1	1	73	74	0.98	1	1	17	0	3	0	A
p122#10	2473	G	A	1	25	96,15%	1	1	74	68	0.98	1	1	1	0	25	0	A
p122#10	2476	C	Y	26	2	7,14%	1	1	73	74	0.98	1	1	26	0	2	0	T
p122#10	2477	G	R	25	3	10,71%	1	1	73	69	0.98	1	1	25	0	3	0	A
p122#10	2480	G	R	23	3	11,54%	1	1	73	70	0.98	1	1	23	0	3	0	A
p122#10	2487	G	R	21	1	4,55%	1	1	71	74	0.98	1	1	21	0	1	0	A
p122#10	2490	G	R	26	1	3,7%	1	1	72	44	0.98	1	1	26	0	1	0	A
p122#10	2493	G	R	25	2	7,41%	1	1	73	74	0.98	1	1	25	0	2	0	A
p122#10	2497	G	R	24	1	4%	1	1	73	74	0.98	1	1	24	0	1	0	A
p122#10	2507	C	Y	34	1	2,86%	1	1	72	74	0.98	1	1	34	0	1	0	T
p122#10	2512	G	R	31	6	16,22%	1	1	71	74	0.98	1	1	31	0	6	0	A
p122#10	2515	G	R	41	6	12,77%	1	1	72	61	0.98	1	1	41	0	6	0	A
p122#10	2519	G	R	51	6	10,53%	1	1	73	74	0.98	1	1	51	0	6	0	A
p122#10	2521	G	R	51	3	5,56%	1	1	73	65	0.98	1	1	51	0	3	0	A
p122#10	2529	G	R	37	22	37,29%	1	1	72	67	0.98	1	1	37	0	22	0	A
p122#10	2536	G	R	46	17	26,98%	1	1	73	68	0.98	1	1	46	0	17	0	A
p122#10	2540	C	Y	62	1	1,59%	1	1	72	74	0.98	1	1	62	0	1	0	T
p122#10	2544	G	R	56	1	1,75%	1	1	72	74	0.98	1	1	56	0	1	0	A
p122#10	2545	G	R	55	1	1,79%	1	1	73	74	0.98	1	1	55	0	1	0	A
p122#10	2549	C	Y	47	3	6%	1	1	73	65	0.98	1	1	47	0	3	0	T
p122#10	2553	G	R	49	1	2%	1	1	73	74	0.98	1	1	49	0	1	0	A
p122#10	2558	G	R	46	2	4,17%	1	1	72	74	0.98	1	1	46	0	2	0	A
p122#10	2568	A	R	40	1	2,44%	1	1	72	74	0.98	1	1	40	0	1	0	G
p122#10	2572	G	R	34	3	8,11%	1	1	73	66	0.98	1	1	34	0	3	0	A
p122#10	2575	G	R	33	5	13,16%	1	1	73	71	0.98	1	1	33	0	5	0	A
p122#10	2590	G	R	31	1	3,12%	1	1	73	74	0.98	1	1	31	0	1	0	A
p122#10	2597	G	R	29	2	6,45%	1	1	73	70	0.98	1	1	29	0	2	0	A
p122#10	2598	G	R	29	1	3,33%	1	1	73	66	0.98	1	1	29	0	1	0	A
p122#10	2611	G	R	25	1	3,85%	1	1	71	74	0.98	1	1	25	0	1	0	A
p122#10	2615	G	R	21	4	16%	1	1	72	74	0.98	1	1	21	0	4	0	A
p122#10	2616	G	R	17	10	37,04%	1	1	73	70	0.98	1	1	17	0	10	0	A
p122#10	2619	G	R	25	1	3,85%	1	1	73	74	0.98	1	1	25	0	1	0	A
p122#10	2620	G	R	25	1	3,85%	1	1	72	74	0.98	1	1	25	0	1	0	A
p122#10	2622	G	R	27	1	3,57%	1	1	71	74	0.98	1	1	27	0	1	0	A
p122#10	2623	G	R	31	1	3,12%	1	1	70	74	0.98	1	1	31	0	1	0	A
p122#10	2625	G	R	26	4	13,33%	1	1	71	64	0.98	1	1	26	0	4	0	A
p122#10	2626	G	R	23	8	25,81%	1	1	69	70	0.98	1	1	23	0	8	0	A
p122#10	2635	G	R	25	6	19,35%	1	1	73	72	0.98	1	1	25	0	6	0	A
p122#10	2641	C	Y	26	4	13,33%	1	1	72	71	0.98	1	1	26	0	4	0	T
p122#10	2642	C	Y	27	1	3,57%	1	1	72	74	0.98	1	1	27	0	1	0	T
p122#10	2651	G	R	36	6	14,29%	1	1	72	71	0.98	1	1	36	0	6	0	A
p122#10	2654	C	Y	47	1	2,08%	1	1	72	74	0.98	1	1	47	0	1	0	T
p122#10	2655	G	R	31	12	27,91%	1	1	73	70	0.98	1	1	31	0	12	0	A
p122#10	2656	G	R	42	1	2,33%	1	1	72	74	0.98	1	1	42	0	1	0	A
p122#10	2663	C	Y	47	1	2,08%	1	1	73	43	0.98	1	1	47	0	1	0	T
p122#10	2664	G	R	54	3	5,26%	1	1	71	70	0.98	1	1	54	0	3	0	A
p122#10	2665	G	R	64	1	1,54%	1	1	71	74	0.98	1	1	64	0	1	0	A
p122#10	2668	G	R	64	5	7,25%	1	1	71	68	0.98	1	1	64	0	5	0	A
p122#10	2669	G	R	68	4	5,56%	1	1	71	66	0.98	1	1	68	0	4	0	A
p122#10	2670	C	Y	72	1	1,37%	1	1	69	70	0.98	1	1	72	0	1	0	T
p122#10	2672	G	R	54	30	35,71%	1	1	71	65	0.98	1	1	54	0	30	0	A
p122#10	2673	G	R	69	13	15,85%	1	1	70	65	0.98	1	1	69	0	13	0	A
p122#10	2678	T	Y	83	1	1,19%	1	1	69	50	0.98	1	1	83	0	1	0	C
p122#10	2680	G	R	86	2	2,27%	1	1	72	74	0.98	1	1	86	0	2	0	A
p122#10	2681	C	Y	87	1	1,14%	1	1	72	74	0.98	1	1	87	0	1	0	T
p122#10	2683	G	R	34	52	60,47%	1	1	72	68	0.98	1	1	34	0	52	0	A
p122#10	2690	C	Y	71	2	2,74%	1	1	73	74	0.98	1	1	71	0	2	0	T
p122#10	2692	G	R	69	2	2,82%	1	1	72	70	0.98	1	1	69	0	2	0	A
p122#10	2693	G	R	71	1	1,39%	1	1	73	67	0.98	1	1	71	0	1	0	A
p122#10	2698	G	R	56	11	16,42%	1	1	72	67	0.98	1	1	56	0	11	0	A
p122#10	2699	G	R	64	2	3,03%	1	1	73	74	0.98	1	1	64	0	2	0	A
p122#10	2701	G	R	69	7	9,21%	1	1	73	72	0.98	1	1	69	0	7	0	A
p122#10	2705	G	R	82	1	1,2%	1	1	73	63	0.98	1	1	82	0	1	0	A
p122#10	2716	G	R	63	5	7,35%	1	1	71	71	0.98	1	1	63	0	5	0	A
p122#10	2717	G	R	65	2	2,99%	1	1	72	74	0.98	1	1	65	0	2	0	A
p122#10	2721	C	Y	60	4	6,25%	1	1	73	68	0.98	1	1	60	0	4	0	T
p122#10	2725	G	R	59	2	3,28%	1	1	73	61	0.98	1	1	59	0	2	0	A
p122#10	2736	G	R	57	1	1,72%	1	1	72	74	0.98	1	1	57	0	1	0	A
p122#10	2740	G	R	26	25	49,02%	1	1	74	71	0.98	1	1	26	0	25	0	A
p122#10	2743	G	R	49	2	3,92%	1	1	73	68	0.98	1	1	49	0	2	0	A
p122#10	2744	G	R	49	1	2%	1	1	74	62	0.98	1	1	49	0	1	0	A
p122#10	2756	G	R	28	9	24,32%	1	1	72	65	0.98	1	1	28	0	9	0	A
p122#10	2760	C	Y	38	3	7,32%	1	1	73	74	0.98	1	1	38	0	3	0	T
p122#10	2761	G	R	35	4	10,26%	1	1	71	68	0.98	1	1	35	0	4	0	A
p122#10	2764	G	R	34	3	8,11%	1	1	72	65	0.98	1	1	34	0	3	0	A
p122#10	2772	C	Y	30	1	3,23%	1	1	73	74	0.98	1	1	30	0	1	0	T
p122#10	2775	G	R	37	1	2,63%	1	1	72	74	0.98	1	1	37	0	1	0	A
p122#10	2778	G	R	40	1	2,44%	1	1	71	62	0.98	1	1	40	0	1	0	A
p122#10	2779	G	R	36	3	7,69%	1	1	73	74	0.98	1	1	36	0	3	0	A
p122#10	2780	G	R	36	3	7,69%	1	1	73	74	0.98	1	1	36	0	3	0	A
p122#10	2788	G	R	41	2	4,65%	1	1	73	59	0.98	1	1	41	0	2	0	A
p122#10	2796	G	R	28	5	15,15%	1	1	71	71	0.98	1	1	28	0	5	0	A
p122#10	2797	G	R	23	11	32,35%	1	1	72	69	0.98	1	1	23	0	11	0	A
p122#10	2800	G	R	25	6	19,35%	1	1	73	72	0.98	1	1	25	0	6	0	A
p122#10	2803	C	Y	32	1	3,03%	1	1	73	48	0.98	1	1	32	0	1	0	T
p122#10	2804	G	R	26	6	18,75%	1	1	72	66	0.98	1	1	26	0	6	0	A
p122#10	2814	G	R	15	8	34,78%	1	1	70	63	0.98	1	1	15	0	8	0	A
p122#10	2818	G	R	31	1	3,12%	1	1	71	74	0.98	1	1	31	0	1	0	A
p122#10	2821	G	R	30	5	14,29%	1	1	72	67	0.98	1	1	30	0	5	0	A
p122#10	2823	G	R	29	8	21,62%	1	1	72	68	0.98	1	1	29	0	8	0	A
p122#10	2827	G	R	34	1	2,86%	1	1	73	74	0.98	1	1	34	0	1	0	A
p122#10	2830	G	R	34	1	2,86%	1	1	72	47	0.98	1	1	34	0	1	0	A
p122#10	2838	G	R	17	6	26,09%	1	1	74	73	0.98	1	1	17	0	6	0	A
p122#10	2849	G	R	21	1	4,55%	1	1	72	74	0.98	1	1	21	0	1	0	A
p122#10	2855	C	Y	20	1	4,76%	1	1	72	74	0.98	1	1	20	0	1	0	T
p122#10	2866	G	R	19	3	13,64%	1	1	71	70	0.98	1	1	19	0	3	0	A
p122#10	2904	G	R	11	4	26,67%	1	1	73	71	0.98	1	1	11	0	4	0	A
p122#10	2928	C	Y	20	1	4,76%	1	1	73	50	0.98	1	1	20	0	1	0	T
p122#10	2933	G	R	19	1	5%	1	1	72	48	0.98	1	1	19	0	1	0	A
p122#10	2952	C	Y	31	2	6,06%	1	1	73	46	0.98	1	1	31	0	2	0	T
p122#10	2972	C	Y	47	1	2,08%	1	1	73	74	0.98	1	1	47	0	1	0	T
p122#10	2978	C	Y	65	5	7,14%	1	1	71	57	0.98	1	1	65	0	5	0	T
p122#10	3006	C	Y	63	8	11,27%	1	1	73	67	0.98	1	1	63	0	8	0	T
p122#10	3007	G	R	67	1	1,47%	1	1	70	43	0.98	1	1	67	0	1	0	A
p122#10	3017	C	Y	54	1	1,82%	1	1	72	74	0.98	1	1	54	0	1	0	T
p122#10	3028	C	Y	40	9	18,37%	1	1	69	69	0.98	1	1	40	0	9	0	T
p122#10	3032	C	Y	48	1	2,04%	1	1	68	74	0.98	1	1	48	0	1	0	T
p122#10	3041	G	R	40	1	2,27%	1	1	68	62	0.98	1	1	40	0	1	0	A
p122#10	3054	A	R	41	1	2,38%	1	1	70	74	0.98	1	1	41	0	1	0	G
p122#10	3074	A	R	27	1	3,57%	1	1	63	74	0.98	1	1	27	0	1	0	G
p122#10	3125	G	R	81	1	1,22%	1	1	72	48	0.98	1	1	81	0	1	0	A
p122#10	3137	C	Y	66	1	1,49%	1	1	72	74	0.98	1	1	66	0	1	0	T
p122#10	3143	G	R	65	6	8,45%	1	1	73	72	0.98	1	1	65	0	6	0	A
p122#10	3187	G	R	22	1	4,35%	1	1	71	74	0.98	1	1	22	0	1	0	A
p122#10	3248	C	Y	22	1	4,35%	1	1	60	62	0.98	1	1	22	0	1	0	T
p122#10	3280	C	Y	44	1	2,22%	1	1	66	74	0.98	1	1	44	0	1	0	T
p122#10	3284	G	R	48	2	4%	1	1	67	74	0.98	1	1	48	0	2	0	A
p122#10	3333	G	R	15	1	6,25%	1	1	72	74	0.98	1	1	15	0	1	0	A
p122#10	3396	G	R	28	1	3,45%	1	1	71	63	0.98	1	1	28	0	1	0	A
p122#10	3437	G	R	64	1	1,54%	1	1	73	74	0.98	1	1	64	0	1	0	A
p122#10	3489	G	R	24	2	7,69%	1	1	71	59	0.98	1	1	24	0	2	0	A
p122#10	3511	G	R	33	1	2,94%	1	1	73	74	0.98	1	1	33	0	1	0	A
p122#10	3550	G	R	27	1	3,57%	1	1	72	61	0.98	1	1	27	0	1	0	A
p122#10	3591	G	R	46	1	2,13%	1	1	71	74	0.98	1	1	46	0	1	0	A
p122#10	3684	G	R	28	2	6,67%	1	1	73	74	0.98	1	1	28	0	2	0	A
p122#10	3697	G	R	33	1	2,94%	1	1	72	74	0.98	1	1	33	0	1	0	A
p122#10	3732	G	R	57	1	1,72%	1	1	71	74	0.98	1	1	57	0	1	0	A
p122#10	3733	G	R	57	1	1,72%	1	1	72	74	0.98	1	1	57	0	1	0	A
p122#10	3798	C	Y	60	1	1,64%	1	1	73	74	0.98	1	1	60	0	1	0	T
p122#10	3828	G	R	87	1	1,14%	1	1	72	74	0.98	1	1	87	0	1	0	A
p122#10	3891	C	Y	93	1	1,06%	1	1	72	60	0.98	1	1	93	0	1	0	T
p122#10	3909	G	R	99	2	1,98%	1	1	72	68	0.98	1	1	99	0	2	0	A
p122#10	3932	G	R	87	2	2,25%	1	1	72	74	0.98	1	1	87	0	2	0	A
p122#10	3959	G	R	78	1	1,27%	1	1	72	74	0.98	1	1	78	0	1	0	A
p122#10	3964	G	R	73	1	1,35%	1	1	72	74	0.98	1	1	73	0	1	0	A
p122#10	3974	G	R	99	3	2,94%	1	1	73	74	0.98	1	1	99	0	3	0	A
p122#10	4037	C	Y	405	2	0,49%	1	1	73	74	0.98	1	1	405	0	2	0	T
p122#10	4038	C	Y	407	1	0,25%	1	1	73	66	0.98	1	1	407	0	1	0	T
p122#10	4093	C	S	318	1	0,31%	1	1	73	74	0.98	1	1	318	0	1	0	G
p122#10	4102	C	Y	292	1	0,34%	1	1	73	62	0.98	1	1	292	0	1	0	T
p122#10	4105	T	Y	265	1	0,38%	1	1	71	74	0.98	1	1	265	0	1	0	C
p122#10	4109	C	Y	251	1	0,4%	1	1	73	74	0.98	1	1	251	0	1	0	T
