Chrom	Position	Ref	Cons	Reads1	Reads2	VarFreq	Strands1	Strands2	Qual1	Qual2	Pvalue	MapQual1	MapQual2	Reads1Plus	Reads1Minus	Reads2Plus	Reads2Minus	VarAllele
p122#10	244	G	R	114	1	0,87%	1	1	71	48	0.98	1	1	114	0	1	0	A
p122#10	273	A	R	110	1	0,9%	1	1	67	74	0.98	1	1	110	0	1	0	G
p122#10	579	C	Y	61	1	1,61%	1	1	73	74	0.98	1	1	61	0	1	0	T
p122#10	616	C	S	69	1	1,43%	1	1	72	74	0.98	1	1	69	0	1	0	G
p122#10	673	T	Y	30	1	3,23%	1	1	70	74	0.98	1	1	30	0	1	0	C
p122#10	1524	C	Y	69	1	1,43%	1	1	71	74	0.98	1	1	69	0	1	0	T
p122#10	1528	G	R	67	1	1,47%	1	1	70	74	0.98	1	1	67	0	1	0	A
p122#10	1534	C	Y	65	1	1,52%	1	1	70	74	0.98	1	1	65	0	1	0	T
p122#10	1813	C	Y	65	1	1,52%	1	1	73	74	0.98	1	1	65	0	1	0	T
p122#10	2038	G	R	56	1	1,75%	1	1	71	74	0.98	1	1	56	0	1	0	A
p122#10	2108	G	R	63	1	1,56%	1	1	72	74	0.98	1	1	63	0	1	0	A
p122#10	2132	T	Y	73	1	1,35%	1	1	72	74	0.98	1	1	73	0	1	0	C
p122#10	2272	C	Y	74	1	1,33%	1	1	73	74	0.98	1	1	74	0	1	0	T
p122#10	2374	A	R	37	1	2,63%	1	1	73	63	0.98	1	1	37	0	1	0	G
p122#10	2387	C	Y	38	1	2,56%	1	1	73	74	0.98	1	1	38	0	1	0	T
p122#10	2434	G	R	39	1	2,5%	1	1	74	74	0.98	1	1	39	0	1	0	A
p122#10	2442	G	R	40	1	2,44%	1	1	73	74	0.98	1	1	40	0	1	0	A
p122#10	2447	A	R	39	1	2,5%	1	1	71	50	0.98	1	1	39	0	1	0	G
p122#10	2626	G	R	29	1	3,33%	1	1	73	64	0.98	1	1	29	0	1	0	A
p122#10	2651	G	R	82	1	1,2%	1	1	73	45	0.98	1	1	82	0	1	0	A
p122#10	2665	G	R	112	1	0,88%	1	1	73	74	0.98	1	1	112	0	1	0	A
p122#10	2689	T	Y	119	1	0,83%	1	1	72	42	0.98	1	1	119	0	1	0	C
p122#10	2893	A	R	42	1	2,33%	1	1	69	74	0.98	1	1	42	0	1	0	G
p122#10	3018	C	Y	85	1	1,16%	1	1	71	48	0.98	1	1	85	0	1	0	T
p122#10	3764	G	R	123	1	0,81%	1	1	71	74	0.98	1	1	123	0	1	0	A
p122#10	4060	C	Y	594	1	0,17%	1	1	73	74	0.98	1	1	594	0	1	0	T
p122#10	4066	G	R	569	1	0,18%	1	1	73	74	0.98	1	1	569	0	1	0	A
p122#10	4080	G	R	571	1	0,17%	1	1	73	50	0.98	1	1	571	0	1	0	A
p122#10	4081	A	R	563	1	0,18%	1	1	72	74	0.98	1	1	563	0	1	0	G
