Chrom	Position	Ref	Cons	Reads1	Reads2	VarFreq	Strands1	Strands2	Qual1	Qual2	Pvalue	MapQual1	MapQual2	Reads1Plus	Reads1Minus	Reads2Plus	Reads2Minus	VarAllele
p122#10	146	C	M	50	1	1,96%	2	1	70	74	0.98	1	1	49	1	1	0	A
p122#10	283	G	R	99	1	1%	1	1	70	74	0.98	1	1	99	0	1	0	A
p122#10	309	G	R	48	1	2,04%	1	1	72	74	0.98	1	1	48	0	1	0	A
p122#10	311	G	R	47	1	2,08%	1	1	71	74	0.98	1	1	47	0	1	0	A
p122#10	357	C	Y	15	5	25%	1	1	72	71	0.98	1	1	15	0	5	0	T
p122#10	423	C	Y	100	4	3,85%	1	1	71	69	0.98	1	1	100	0	4	0	T
p122#10	426	C	Y	87	11	11,22%	1	1	70	72	0.98	1	1	87	0	11	0	T
p122#10	427	C	Y	89	2	2,2%	1	1	72	74	0.98	1	1	89	0	2	0	T
p122#10	432	C	Y	73	2	2,67%	1	1	72	68	0.98	1	1	73	0	2	0	T
p122#10	435	C	Y	65	5	7,14%	1	1	73	68	0.98	1	1	65	0	5	0	T
p122#10	436	G	R	66	2	2,94%	1	1	71	61	0.98	1	1	66	0	2	0	A
p122#10	440	G	R	60	1	1,64%	1	1	73	74	0.98	1	1	60	0	1	0	A
p122#10	450	C	Y	44	1	2,22%	1	1	72	48	0.98	1	1	44	0	1	0	T
p122#10	453	C	Y	40	2	4,76%	1	1	72	74	0.98	1	1	40	0	2	0	T
p122#10	462	C	Y	40	2	4,76%	1	1	72	61	0.98	1	1	40	0	2	0	T
p122#10	471	C	Y	36	5	12,2%	1	1	72	74	0.98	1	1	36	0	5	0	T
p122#10	486	C	Y	24	2	7,69%	1	1	72	74	0.98	1	1	24	0	2	0	T
p122#10	489	C	Y	23	2	8%	1	1	72	46	0.98	1	1	23	0	2	0	T
p122#10	507	C	Y	11	2	15,38%	1	1	71	74	0.98	1	1	11	0	2	0	T
p122#10	534	C	Y	50	2	3,85%	1	1	71	74	0.98	1	1	50	0	2	0	T
p122#10	537	G	R	72	1	1,37%	1	1	72	74	0.98	1	1	72	0	1	0	A
p122#10	547	C	Y	78	2	2,5%	1	1	72	74	0.98	1	1	78	0	2	0	T
p122#10	548	G	R	81	1	1,22%	1	1	71	74	0.98	1	1	81	0	1	0	A
p122#10	558	C	Y	112	1	0,88%	1	1	71	74	0.98	1	1	112	0	1	0	T
p122#10	565	G	R	114	3	2,56%	1	1	71	74	0.98	1	1	114	0	3	0	A
p122#10	568	G	R	110	4	3,51%	1	1	71	68	0.98	1	1	110	0	4	0	A
p122#10	579	C	Y	81	3	3,57%	1	1	72	74	0.98	1	1	81	0	3	0	T
p122#10	585	C	Y	68	1	1,45%	1	1	73	74	0.98	1	1	68	0	1	0	T
p122#10	594	C	Y	50	2	3,85%	1	1	72	68	0.98	1	1	50	0	2	0	T
p122#10	596	C	Y	48	1	2,04%	1	1	72	74	0.98	1	1	48	0	1	0	T
p122#10	597	C	Y	47	2	4,08%	1	1	70	74	0.98	1	1	47	0	2	0	T
p122#10	600	C	Y	41	2	4,65%	1	1	72	66	0.98	1	1	41	0	2	0	T
p122#10	604	C	Y	40	2	4,76%	1	1	72	74	0.98	1	1	40	0	2	0	T
p122#10	610	C	Y	38	1	2,56%	1	1	72	74	0.98	1	1	38	0	1	0	T
p122#10	627	C	Y	29	2	6,45%	1	1	73	74	0.98	1	1	29	0	2	0	T
p122#10	634	C	Y	25	2	7,41%	1	1	73	74	0.98	1	1	25	0	2	0	T
p122#10	648	C	Y	19	2	9,52%	1	1	71	74	0.98	1	1	19	0	2	0	T
p122#10	649	C	Y	19	2	9,52%	1	1	74	60	0.98	1	1	19	0	2	0	T
p122#10	663	C	Y	29	4	12,12%	1	1	71	67	0.98	1	1	29	0	4	0	T
p122#10	670	C	Y	28	2	6,67%	1	1	72	68	0.98	1	1	28	0	2	0	T
p122#10	675	C	Y	37	5	11,9%	1	1	69	74	0.98	1	1	37	0	5	0	T
p122#10	676	C	Y	37	6	13,95%	1	1	70	65	0.98	1	1	37	0	6	0	T
p122#10	677	C	Y	38	6	13,64%	1	1	67	69	0.98	1	1	38	0	6	0	T
p122#10	681	C	Y	31	10	24,39%	1	1	70	71	0.98	1	1	31	0	10	0	T
p122#10	682	C	Y	40	2	4,76%	1	1	72	74	0.98	1	1	40	0	2	0	T
p122#10	694	C	Y	77	7	8,33%	1	1	72	59	0.98	1	1	77	0	7	0	T
p122#10	703	C	Y	88	5	5,38%	1	1	71	74	0.98	1	1	88	0	5	0	T
p122#10	708	C	Y	99	1	1%	1	1	72	48	0.98	1	1	99	0	1	0	T
p122#10	711	C	Y	106	2	1,85%	1	1	73	69	0.98	1	1	106	0	2	0	T
p122#10	717	G	R	109	2	1,8%	1	1	70	74	0.98	1	1	109	0	2	0	A
p122#10	728	C	Y	102	1	0,97%	1	1	71	74	0.98	1	1	102	0	1	0	T
p122#10	729	C	Y	89	5	5,32%	1	1	72	74	0.98	1	1	89	0	5	0	T
p122#10	748	G	R	63	3	4,55%	1	1	71	74	0.98	1	1	63	0	3	0	A
p122#10	756	C	Y	46	3	6,12%	1	1	72	74	0.98	1	1	46	0	3	0	T
p122#10	762	C	Y	43	2	4,44%	1	1	74	74	0.98	1	1	43	0	2	0	T
p122#10	766	C	Y	43	1	2,27%	1	1	73	74	0.98	1	1	43	0	1	0	T
p122#10	777	C	Y	35	2	5,41%	1	1	73	74	0.98	1	1	35	0	2	0	T
p122#10	798	C	Y	23	1	4,17%	1	1	72	74	0.98	1	1	23	0	1	0	T
p122#10	804	C	Y	19	1	5%	1	1	72	48	0.98	1	1	19	0	1	0	T
p122#10	807	C	Y	17	1	5,56%	1	1	72	74	0.98	1	1	17	0	1	0	T
p122#10	825	C	Y	19	3	13,64%	1	1	72	74	0.98	1	1	19	0	3	0	T
p122#10	826	C	Y	21	3	12,5%	1	1	71	72	0.98	1	1	21	0	3	0	T
p122#10	827	C	Y	28	1	3,45%	1	1	67	74	0.98	1	1	28	0	1	0	T
p122#10	832	G	R	30	1	3,23%	1	1	73	61	0.98	1	1	30	0	1	0	A
p122#10	840	C	Y	30	11	26,83%	1	1	71	68	0.98	1	1	30	0	11	0	T
p122#10	841	C	Y	44	4	8,33%	1	1	70	57	0.98	1	1	44	0	4	0	T
p122#10	848	G	R	41	1	2,38%	1	1	73	64	0.98	1	1	41	0	1	0	A
p122#10	856	C	Y	66	4	5,71%	1	1	72	68	0.98	1	1	66	0	4	0	T
p122#10	864	C	Y	78	8	9,3%	1	1	73	74	0.98	1	1	78	0	8	0	T
p122#10	865	C	Y	82	3	3,53%	1	1	73	74	0.98	1	1	82	0	3	0	T
p122#10	866	G	R	83	1	1,19%	1	1	72	74	0.98	1	1	83	0	1	0	A
p122#10	868	G	R	84	4	4,55%	1	1	72	74	0.98	1	1	84	0	4	0	A
p122#10	873	C	Y	65	8	10,96%	1	1	73	65	0.98	1	1	65	0	8	0	T
p122#10	876	C	Y	71	1	1,39%	1	1	72	74	0.98	1	1	71	0	1	0	T
p122#10	877	C	Y	65	2	2,99%	1	1	72	74	0.98	1	1	65	0	2	0	T
p122#10	931	C	Y	19	1	5%	1	1	72	74	0.98	1	1	19	0	1	0	T
p122#10	936	C	Y	20	1	4,76%	1	1	72	74	0.98	1	1	20	0	1	0	T
p122#10	946	C	Y	25	1	3,85%	1	1	72	64	0.98	1	1	25	0	1	0	T
p122#10	967	C	Y	34	1	2,86%	1	1	73	47	0.98	1	1	34	0	1	0	T
p122#10	979	C	Y	52	3	5,45%	1	1	72	65	0.98	1	1	52	0	3	0	T
p122#10	990	C	Y	58	6	9,38%	1	1	73	67	0.98	1	1	58	0	6	0	T
p122#10	1005	C	Y	72	6	7,69%	1	1	73	74	0.98	1	1	72	0	6	0	T
p122#10	1011	C	Y	70	8	10,26%	1	1	73	64	0.98	1	1	70	0	8	0	T
p122#10	1014	C	Y	83	3	3,49%	1	1	73	64	0.98	1	1	83	0	3	0	T
p122#10	1017	C	Y	73	14	16,09%	1	1	70	69	0.98	1	1	73	0	14	0	T
p122#10	1018	G	R	94	1	1,05%	1	1	71	74	0.98	1	1	94	0	1	0	A
p122#10	1023	C	Y	99	7	6,6%	1	1	71	73	0.98	1	1	99	0	7	0	T
p122#10	1029	C	Y	92	1	1,08%	1	1	72	74	0.98	1	1	92	0	1	0	T
p122#10	1043	G	R	62	1	1,56%	1	1	72	74	0.98	1	1	62	0	1	0	A
p122#10	1050	C	Y	37	11	22,92%	1	1	72	74	0.98	1	1	37	0	11	0	T
p122#10	1051	C	Y	47	1	2,08%	1	1	72	74	0.98	1	1	47	0	1	0	T
p122#10	1056	G	R	40	1	2,44%	1	1	73	74	0.98	1	1	40	0	1	0	A
p122#10	1077	C	Y	32	1	3,03%	1	1	70	74	0.98	1	1	32	0	1	0	T
p122#10	1098	C	Y	18	2	10%	1	1	72	61	0.98	1	1	18	0	2	0	T
p122#10	1122	C	Y	13	3	18,75%	1	1	73	74	0.98	1	1	13	0	3	0	T
p122#10	1128	C	Y	21	3	12,5%	1	1	70	66	0.98	1	1	21	0	3	0	T
p122#10	1129	C	Y	21	3	12,5%	1	1	67	57	0.98	1	1	21	0	3	0	T
p122#10	1167	C	Y	57	1	1,72%	1	1	71	71	0.98	1	1	57	0	1	0	T
p122#10	1168	C	Y	58	1	1,69%	1	1	71	48	0.98	1	1	58	0	1	0	T
p122#10	1208	C	Y	26	1	3,7%	1	1	73	74	0.98	1	1	26	0	1	0	T
p122#10	1267	G	R	17	1	5,56%	1	1	73	74	0.98	1	1	17	0	1	0	A
p122#10	1284	G	R	55	1	1,79%	1	1	72	74	0.98	1	1	55	0	1	0	A
p122#10	1288	G	R	59	1	1,67%	1	1	73	74	0.98	1	1	59	0	1	0	A
p122#10	1308	T	Y	92	1	1,08%	1	1	72	74	0.98	1	1	92	0	1	0	C
p122#10	1311	C	Y	101	1	0,98%	1	1	71	48	0.98	1	1	101	0	1	0	T
p122#10	1317	C	Y	93	1	1,06%	1	1	72	62	0.98	1	1	93	0	1	0	T
p122#10	1320	G	S	95	1	1,04%	1	1	71	74	0.98	1	1	95	0	1	0	C
p122#10	1321	G	R	99	2	1,98%	1	1	71	74	0.98	1	1	99	0	2	0	A
p122#10	1326	A	R	90	1	1,1%	1	1	71	74	0.98	1	1	90	0	1	0	G
p122#10	1335	C	Y	68	2	2,86%	1	1	72	68	0.98	1	1	68	0	2	0	T
p122#10	1336	C	Y	69	1	1,43%	1	1	71	74	0.98	1	1	69	0	1	0	T
p122#10	1342	C	Y	60	1	1,64%	1	1	72	62	0.98	1	1	60	0	1	0	T
p122#10	1364	C	Y	34	1	2,86%	1	1	71	74	0.98	1	1	34	0	1	0	T
p122#10	1365	C	Y	32	3	8,57%	1	1	72	74	0.98	1	1	32	0	3	0	T
p122#10	1399	C	Y	16	2	11,11%	1	1	73	74	0.98	1	1	16	0	2	0	T
p122#10	1422	C	Y	21	1	4,55%	1	1	72	60	0.98	1	1	21	0	1	0	T
p122#10	1428	G	R	26	1	3,7%	1	1	73	74	0.98	1	1	26	0	1	0	A
p122#10	1430	C	Y	35	1	2,78%	1	1	72	58	0.98	1	1	35	0	1	0	T
p122#10	1435	C	Y	35	1	2,78%	1	1	72	74	0.98	1	1	35	0	1	0	T
p122#10	1494	C	Y	64	2	3,03%	1	1	72	70	0.98	1	1	64	0	2	0	T
p122#10	1524	C	Y	36	1	2,7%	1	1	73	74	0.98	1	1	36	0	1	0	T
p122#10	1539	C	Y	31	1	3,12%	1	1	72	74	0.98	1	1	31	0	1	0	T
p122#10	1553	T	Y	22	1	4,35%	1	1	72	62	0.98	1	1	22	0	1	0	C
p122#10	1554	C	Y	19	3	13,64%	1	1	72	74	0.98	1	1	19	0	3	0	T
p122#10	1585	C	Y	19	1	5%	1	1	66	74	0.98	1	1	19	0	1	0	T
p122#10	1605	C	Y	30	2	6,25%	1	1	62	66	0.98	1	1	30	0	2	0	T
p122#10	1610	C	Y	26	2	7,14%	1	1	68	68	0.98	1	1	26	0	2	0	T
p122#10	1611	C	Y	26	7	21,21%	1	1	65	65	0.98	1	1	26	0	7	0	T
p122#10	1612	C	Y	28	3	9,68%	1	1	66	70	0.98	1	1	28	0	3	0	T
p122#10	1629	C	Y	58	2	3,33%	1	1	70	68	0.98	1	1	58	0	2	0	T
p122#10	1641	G	R	33	1	2,78%	1	1	59	48	0.98	1	1	33	0	1	0	A
p122#10	1699	C	Y	17	1	5,56%	1	1	70	74	0.98	1	1	17	0	1	0	T
p122#10	1717	C	Y	24	1	4%	1	1	71	74	0.98	1	1	24	0	1	0	T
p122#10	1735	G	R	74	1	1,33%	1	1	72	48	0.98	1	1	74	0	1	0	A
p122#10	1738	G	R	74	1	1,33%	1	1	73	64	0.98	1	1	74	0	1	0	A
p122#10	1744	C	Y	83	2	2,35%	1	1	72	74	0.98	1	1	83	0	2	0	T
p122#10	1757	C	Y	101	4	3,81%	1	1	72	74	0.98	1	1	101	0	4	0	T
p122#10	1771	C	Y	104	2	1,89%	1	1	72	74	0.98	1	1	104	0	2	0	T
p122#10	1779	C	Y	95	4	4,04%	1	1	72	74	0.98	1	1	95	0	4	0	T
p122#10	1780	C	Y	98	3	2,97%	1	1	72	66	0.98	1	1	98	0	3	0	T
p122#10	1784	C	Y	88	4	4,35%	1	1	72	74	0.98	1	1	88	0	4	0	T
p122#10	1785	C	Y	88	1	1,12%	1	1	72	74	0.98	1	1	88	0	1	0	T
p122#10	1801	C	Y	47	7	12,96%	1	1	73	72	0.98	1	1	47	0	7	0	T
p122#10	1802	C	Y	48	6	11,11%	1	1	72	72	0.98	1	1	48	0	6	0	T
p122#10	1827	C	Y	38	2	5%	1	1	72	61	0.98	1	1	38	0	2	0	T
p122#10	1828	C	Y	38	2	5%	1	1	72	74	0.98	1	1	38	0	2	0	T
p122#10	1845	G	R	35	1	2,78%	1	1	72	64	0.98	1	1	35	0	1	0	A
p122#10	1850	C	Y	34	1	2,86%	1	1	73	74	0.98	1	1	34	0	1	0	T
p122#10	1851	G	R	33	1	2,94%	1	1	71	74	0.98	1	1	33	0	1	0	A
p122#10	1857	C	Y	27	1	3,57%	1	1	72	74	0.98	1	1	27	0	1	0	T
p122#10	1860	C	Y	21	4	16%	1	1	72	74	0.98	1	1	21	0	4	0	T
p122#10	1914	C	Y	63	2	3,08%	1	1	72	74	0.98	1	1	63	0	2	0	T
p122#10	1925	C	Y	65	3	4,41%	1	1	72	69	0.98	1	1	65	0	3	0	T
p122#10	1936	C	Y	43	5	10,42%	1	1	73	74	0.98	1	1	43	0	5	0	T
p122#10	1941	C	Y	44	2	4,35%	1	1	72	74	0.98	1	1	44	0	2	0	T
p122#10	1956	C	Y	27	2	6,9%	1	1	74	68	0.98	1	1	27	0	2	0	T
p122#10	1969	C	Y	18	1	5,26%	1	1	73	74	0.98	1	1	18	0	1	0	T
p122#10	2036	C	Y	48	1	2,04%	1	1	72	69	0.98	1	1	48	0	1	0	T
p122#10	2047	C	Y	60	1	1,64%	1	1	70	74	0.98	1	1	60	0	1	0	T
p122#10	2050	C	Y	56	3	5,08%	1	1	72	74	0.98	1	1	56	0	3	0	T
p122#10	2051	C	Y	58	1	1,69%	1	1	72	74	0.98	1	1	58	0	1	0	T
p122#10	2062	C	Y	93	7	7%	1	1	73	70	0.98	1	1	93	0	7	0	T
p122#10	2065	C	Y	105	1	0,94%	1	1	70	74	0.98	1	1	105	0	1	0	T
p122#10	2066	C	Y	105	1	0,94%	1	1	72	74	0.98	1	1	105	0	1	0	T
p122#10	2076	G	R	87	1	1,14%	1	1	72	64	0.98	1	1	87	0	1	0	A
p122#10	2079	G	R	97	1	1,02%	1	1	73	71	0.98	1	1	97	0	1	0	A
p122#10	2101	C	Y	49	4	7,55%	1	1	72	74	0.98	1	1	49	0	4	0	T
p122#10	2127	C	Y	32	2	5,88%	1	1	73	74	0.98	1	1	32	0	2	0	T
p122#10	2134	G	R	33	1	2,94%	1	1	73	74	0.98	1	1	33	0	1	0	A
p122#10	2137	C	Y	29	1	3,33%	1	1	73	74	0.98	1	1	29	0	1	0	T
p122#10	2139	C	Y	26	3	10,34%	1	1	73	70	0.98	1	1	26	0	3	0	T
p122#10	2145	C	Y	27	1	3,57%	1	1	73	74	0.98	1	1	27	0	1	0	T
p122#10	2154	C	Y	19	1	5%	1	1	73	74	0.98	1	1	19	0	1	0	T
p122#10	2155	C	Y	19	1	5%	1	1	70	74	0.98	1	1	19	0	1	0	T
p122#10	2167	C	Y	13	2	13,33%	1	1	73	55	0.98	1	1	13	0	2	0	T
p122#10	2185	C	Y	14	6	30%	1	1	71	68	0.98	1	1	14	0	6	0	T
p122#10	2193	G	R	23	1	4,17%	1	1	70	74	0.98	1	1	23	0	1	0	A
p122#10	2212	C	Y	67	2	2,9%	1	1	71	74	0.98	1	1	67	0	2	0	T
p122#10	2231	C	Y	75	5	6,25%	1	1	71	68	0.98	1	1	75	0	5	0	T
p122#10	2232	C	Y	77	3	3,75%	1	1	69	74	0.98	1	1	77	0	3	0	T
p122#10	2233	C	Y	79	1	1,25%	1	1	69	62	0.98	1	1	79	0	1	0	T
p122#10	2239	G	R	78	1	1,27%	1	1	73	64	0.98	1	1	78	0	1	0	A
p122#10	2244	C	Y	81	1	1,22%	1	1	72	74	0.98	1	1	81	0	1	0	T
p122#10	2263	C	Y	47	1	2,08%	1	1	72	74	0.98	1	1	47	0	1	0	T
p122#10	2266	C	Y	47	1	2,08%	1	1	73	74	0.98	1	1	47	0	1	0	T
p122#10	2279	C	Y	32	10	23,81%	1	1	74	71	0.98	1	1	32	0	10	0	T
p122#10	2281	C	Y	40	1	2,44%	1	1	73	74	0.98	1	1	40	0	1	0	T
p122#10	2363	C	Y	64	1	1,54%	1	1	71	48	0.98	1	1	64	0	1	0	T
p122#10	2377	G	R	61	2	3,17%	1	1	70	74	0.98	1	1	61	0	2	0	A
p122#10	2387	C	Y	65	1	1,52%	1	1	72	74	0.98	1	1	65	0	1	0	T
p122#10	2390	C	Y	59	1	1,67%	1	1	71	70	0.98	1	1	59	0	1	0	T
p122#10	2401	C	Y	43	4	8,51%	1	1	71	74	0.98	1	1	43	0	4	0	T
p122#10	2412	C	Y	34	1	2,86%	1	1	71	48	0.98	1	1	34	0	1	0	T
p122#10	2414	G	R	34	1	2,86%	1	1	72	74	0.98	1	1	34	0	1	0	A
p122#10	2433	C	Y	28	1	3,45%	1	1	71	74	0.98	1	1	28	0	1	0	T
p122#10	2467	C	Y	14	2	12,5%	1	1	72	61	0.98	1	1	14	0	2	0	T
p122#10	2476	C	Y	16	2	11,11%	1	1	73	58	0.98	1	1	16	0	2	0	T
p122#10	2526	C	Y	79	2	2,47%	1	1	72	68	0.98	1	1	79	0	2	0	T
p122#10	2587	C	Y	28	1	3,45%	1	1	73	74	0.98	1	1	28	0	1	0	T
p122#10	2594	C	Y	26	1	3,7%	1	1	73	74	0.98	1	1	26	0	1	0	T
p122#10	2595	C	Y	25	1	3,85%	1	1	71	74	0.98	1	1	25	0	1	0	T
p122#10	2596	C	Y	25	1	3,85%	1	1	72	74	0.98	1	1	25	0	1	0	T
p122#10	2648	T	W	38	1	2,56%	1	1	67	62	0.98	1	1	38	0	1	0	A
p122#10	2657	C	Y	62	1	1,59%	1	1	71	48	0.98	1	1	62	0	1	0	T
p122#10	2662	C	Y	64	3	4,48%	1	1	72	59	0.98	1	1	64	0	3	0	T
p122#10	2663	C	Y	66	3	4,35%	1	1	70	61	0.98	1	1	66	0	3	0	T
p122#10	2683	G	R	86	2	2,27%	1	1	69	58	0.98	1	1	86	0	2	0	A
p122#10	2694	A	R	78	1	1,27%	1	1	69	71	0.98	1	1	78	0	1	0	G
p122#10	2804	G	R	38	1	2,56%	1	1	70	60	0.98	1	1	38	0	1	0	A
p122#10	2810	G	R	39	1	2,5%	1	1	72	48	0.98	1	1	39	0	1	0	A
p122#10	2817	C	Y	45	2	4,26%	1	1	72	61	0.98	1	1	45	0	2	0	T
p122#10	2855	C	Y	40	1	2,44%	1	1	71	74	0.98	1	1	40	0	1	0	T
p122#10	2904	G	R	9	5	35,71%	1	1	72	70	0.98	1	1	9	0	5	0	A
p122#10	2952	C	Y	34	1	2,86%	1	1	72	74	0.98	1	1	34	0	1	0	T
p122#10	2978	C	Y	76	8	9,52%	1	1	70	67	0.98	1	1	76	0	8	0	T
p122#10	2984	G	R	85	1	1,16%	1	1	71	48	0.98	1	1	85	0	1	0	A
p122#10	2991	C	Y	87	2	2,25%	1	1	67	47	0.98	1	1	87	0	2	0	T
p122#10	3018	C	Y	53	1	1,85%	1	1	70	62	0.98	1	1	53	0	1	0	T
p122#10	3028	C	Y	44	2	4,35%	1	1	63	47	0.98	1	1	44	0	2	0	T
p122#10	3077	G	R	48	1	2,04%	1	1	70	74	0.98	1	1	48	0	1	0	A
p122#10	3105	C	Y	73	1	1,14%	1	1	64	62	0.98	1	1	73	0	1	0	T
p122#10	3174	C	Y	19	1	5%	1	1	70	48	0.98	1	1	19	0	1	0	T
p122#10	3396	G	R	78	1	1,27%	1	1	70	53	0.98	1	1	78	0	1	0	A
p122#10	3404	G	R	69	1	1,43%	1	1	71	74	0.98	1	1	69	0	1	0	A
p122#10	3598	C	Y	36	1	2,7%	1	1	73	74	0.98	1	1	36	0	1	0	T
p122#10	3688	G	R	75	1	1,32%	1	1	69	74	0.98	1	1	75	0	1	0	A
p122#10	3721	G	R	56	1	1,75%	1	1	70	74	0.98	1	1	56	0	1	0	A
p122#10	3790	G	R	32	1	3,03%	1	1	72	62	0.98	1	1	32	0	1	0	A
p122#10	3835	G	R	124	1	0,8%	1	1	71	62	0.98	1	1	124	0	1	0	A
p122#10	3866	C	Y	105	1	0,94%	1	1	72	62	0.98	1	1	105	0	1	0	T
p122#10	3867	C	Y	101	2	1,94%	1	1	72	58	0.98	1	1	101	0	2	0	T
p122#10	3927	C	Y	21	1	4,55%	1	1	73	60	0.98	1	1	21	0	1	0	T
p122#10	3958	C	Y	20	1	4,76%	1	1	73	74	0.98	1	1	20	0	1	0	T
p122#10	3995	C	Y	226	1	0,44%	1	1	71	74	0.98	1	1	226	0	1	0	T
p122#10	3998	G	R	251	1	0,4%	1	1	73	74	0.98	1	1	251	0	1	0	A
p122#10	4002	G	R	288	1	0,35%	1	1	71	74	0.98	1	1	288	0	1	0	A
p122#10	4017	C	Y	354	1	0,28%	1	1	72	62	0.98	1	1	354	0	1	0	T
p122#10	4038	C	Y	412	1	0,24%	1	1	71	74	0.98	1	1	412	0	1	0	T
p122#10	4041	C	Y	406	1	0,25%	1	1	72	74	0.98	1	1	406	0	1	0	T
p122#10	4051	C	Y	420	1	0,24%	1	1	72	74	0.98	1	1	420	0	1	0	T
p122#10	4059	G	K	423	1	0,24%	1	1	72	74	0.98	1	1	423	0	1	0	T
p122#10	4064	T	Y	390	1	0,26%	1	1	69	74	0.98	1	1	390	0	1	0	C
p122#10	4090	C	Y	261	1	0,38%	1	1	72	45	0.98	1	1	261	0	1	0	T
