Chrom	Position	Ref	Cons	Reads1	Reads2	VarFreq	Strands1	Strands2	Qual1	Qual2	Pvalue	MapQual1	MapQual2	Reads1Plus	Reads1Minus	Reads2Plus	Reads2Minus	VarAllele
p122#10	564	A	R	84	1	1,18%	1	1	72	74	0.98	1	1	84	0	1	0	G
p122#10	774	A	R	47	1	2,08%	1	1	73	74	0.98	1	1	47	0	1	0	G
p122#10	1392	C	S	62	1	1,59%	1	1	72	70	0.98	1	1	62	0	1	0	G
p122#10	1586	A	W	13	1	7,14%	1	1	71	74	0.98	1	1	13	0	1	0	T
p122#10	1745	C	Y	53	1	1,85%	1	1	72	74	0.98	1	1	53	0	1	0	T
p122#10	2036	C	Y	45	1	2,17%	1	1	73	74	0.98	1	1	45	0	1	0	T
p122#10	2301	C	Y	38	1	2,56%	1	1	72	74	0.98	1	1	38	0	1	0	T
p122#10	2517	G	R	52	1	1,89%	1	1	73	48	0.98	1	1	52	0	1	0	A
p122#10	2696	C	Y	97	1	1,02%	1	1	73	74	0.98	1	1	97	0	1	0	T
p122#10	3128	T	Y	83	1	1,19%	1	1	72	74	0.98	1	1	83	0	1	0	C
p122#10	3130	T	Y	81	1	1,22%	1	1	67	74	0.98	1	1	81	0	1	0	C
p122#10	3745	T	Y	94	1	1,05%	1	1	72	74	0.98	1	1	94	0	1	0	C
p122#10	3787	C	M	101	1	0,98%	1	1	73	74	0.98	1	1	101	0	1	0	A
p122#10	3990	T	Y	155	1	0,64%	1	1	73	47	0.98	1	1	155	0	1	0	C
p122#10	3996	G	R	167	1	0,6%	1	1	73	74	0.98	1	1	167	0	1	0	A
p122#10	4021	C	Y	368	1	0,27%	1	1	73	74	0.98	1	1	368	0	1	0	T
p122#10	4049	T	Y	486	1	0,21%	2	1	73	74	0.98	1	1	485	1	1	0	C
p122#10	4067	C	Y	473	1	0,21%	2	1	73	74	0.98	1	1	472	1	1	0	T
p122#10	4069	G	R	462	1	0,22%	2	1	73	74	0.98	1	1	461	1	1	0	A
p122#10	4081	A	R	479	1	0,21%	1	1	72	74	0.98	1	1	479	0	1	0	G
p122#10	4083	T	Y	476	1	0,21%	1	1	72	74	0.98	1	1	476	0	1	0	C
p122#10	4095	A	R	456	1	0,22%	1	1	73	50	0.98	1	1	456	0	1	0	G
