Chrom	Position	Ref	Cons	Reads1	Reads2	VarFreq	Strands1	Strands2	Qual1	Qual2	Pvalue	MapQual1	MapQual2	Reads1Plus	Reads1Minus	Reads2Plus	Reads2Minus	VarAllele
p122#10	114	C	Y	45	1	2,17%	1	1	70	48	0.98	1	1	45	0	1	0	T
p122#10	134	G	R	43	1	2,27%	1	1	60	74	0.98	1	1	43	0	1	0	A
p122#10	233	G	R	57	1	1,72%	1	1	67	60	0.98	1	1	57	0	1	0	A
p122#10	241	C	Y	109	2	1,8%	1	1	69	74	0.98	1	1	109	0	2	0	T
p122#10	255	G	R	135	3	2,17%	1	1	70	70	0.98	1	1	135	0	3	0	A
p122#10	283	G	R	83	3	3,49%	1	1	70	70	0.98	1	1	83	0	3	0	A
p122#10	333	G	R	12	14	53,85%	1	1	69	67	0.98	1	1	12	0	14	0	A
p122#10	380	G	R	39	1	2,5%	1	1	71	74	0.98	1	1	39	0	1	0	A
p122#10	405	A	R	46	1	2,04%	1	1	71	53	0.98	1	1	46	0	1	0	G
p122#10	406	G	R	48	1	2,04%	1	1	72	74	0.98	1	1	48	0	1	0	A
p122#10	407	G	R	57	1	1,72%	1	1	69	74	0.98	1	1	57	0	1	0	A
p122#10	420	G	R	77	1	1,28%	1	1	72	74	0.98	1	1	77	0	1	0	A
p122#10	423	C	Y	65	9	12,16%	1	1	72	74	0.98	1	1	65	0	9	0	T
p122#10	427	C	Y	65	1	1,52%	1	1	73	74	0.98	1	1	65	0	1	0	T
p122#10	431	C	Y	62	1	1,59%	1	1	71	48	0.98	1	1	62	0	1	0	T
p122#10	432	C	Y	55	2	3,51%	1	1	73	74	0.98	1	1	55	0	2	0	T
p122#10	434	C	Y	54	2	3,57%	1	1	72	68	0.98	1	1	54	0	2	0	T
p122#10	435	C	T	12	42	77,78%	1	1	69	70	0.98	1	1	12	0	42	0	T
p122#10	453	C	Y	31	8	20,51%	1	1	74	72	0.98	1	1	31	0	8	0	T
p122#10	456	C	Y	37	2	5,13%	1	1	72	74	0.98	1	1	37	0	2	0	T
p122#10	462	C	Y	30	5	14,29%	1	1	72	71	0.98	1	1	30	0	5	0	T
p122#10	471	C	Y	25	8	24,24%	1	1	73	71	0.98	1	1	25	0	8	0	T
p122#10	474	C	Y	26	3	10,34%	1	1	73	74	0.98	1	1	26	0	3	0	T
p122#10	486	C	Y	16	2	11,11%	1	1	73	61	0.98	1	1	16	0	2	0	T
p122#10	489	C	Y	21	5	19,23%	1	1	70	65	0.98	1	1	21	0	5	0	T
p122#10	495	G	R	25	1	3,85%	1	1	74	74	0.98	1	1	25	0	1	0	A
p122#10	508	C	Y	16	1	5,88%	1	1	71	74	0.98	1	1	16	0	1	0	T
p122#10	514	G	R	14	2	12,5%	1	1	73	67	0.98	1	1	14	0	2	0	A
p122#10	522	C	Y	19	1	5%	1	1	70	48	0.98	1	1	19	0	1	0	T
p122#10	531	C	Y	33	2	5,71%	1	1	70	68	0.98	1	1	33	0	2	0	T
p122#10	534	C	Y	38	10	20,83%	1	1	70	70	0.98	1	1	38	0	10	0	T
p122#10	535	C	Y	55	3	5,17%	1	1	69	71	0.98	1	1	55	0	3	0	T
p122#10	538	C	Y	65	1	1,52%	1	1	72	74	0.98	1	1	65	0	1	0	T
p122#10	541	C	Y	69	1	1,43%	1	1	72	62	0.98	1	1	69	0	1	0	T
p122#10	547	C	Y	54	12	18,18%	1	1	71	71	0.98	1	1	54	0	12	0	T
p122#10	548	G	R	68	1	1,45%	1	1	70	74	0.98	1	1	68	0	1	0	A
p122#10	558	C	Y	90	1	1,1%	1	1	71	74	0.98	1	1	90	0	1	0	T
p122#10	565	G	R	114	1	0,87%	1	1	71	62	0.98	1	1	114	0	1	0	A
p122#10	573	T	W	101	1	0,98%	1	1	72	74	0.98	1	1	101	0	1	0	A
p122#10	576	C	Y	89	2	2,2%	1	1	72	74	0.98	1	1	89	0	2	0	T
p122#10	579	C	Y	47	23	32,86%	1	1	72	66	0.98	1	1	47	0	23	0	T
p122#10	582	C	Y	61	6	8,96%	1	1	71	72	0.98	1	1	61	0	6	0	T
p122#10	585	C	Y	58	7	10,77%	1	1	73	74	0.98	1	1	58	0	7	0	T
p122#10	586	G	R	63	1	1,56%	1	1	72	74	0.98	1	1	63	0	1	0	A
p122#10	593	C	Y	51	1	1,92%	1	1	71	74	0.98	1	1	51	0	1	0	T
p122#10	594	C	Y	46	4	8%	1	1	72	60	0.98	1	1	46	0	4	0	T
p122#10	597	C	Y	40	7	14,89%	1	1	73	72	0.98	1	1	40	0	7	0	T
p122#10	604	C	Y	31	5	13,89%	1	1	72	68	0.98	1	1	31	0	5	0	T
p122#10	610	C	Y	18	16	47,06%	1	1	73	74	0.98	1	1	18	0	16	0	T
p122#10	616	C	Y	32	1	3,03%	1	1	71	74	0.98	1	1	32	0	1	0	T
p122#10	627	C	Y	25	2	7,41%	1	1	73	74	0.98	1	1	25	0	2	0	T
p122#10	630	C	Y	23	1	4,17%	1	1	72	48	0.98	1	1	23	0	1	0	T
p122#10	634	C	Y	18	6	25%	1	1	71	64	0.98	1	1	18	0	6	0	T
p122#10	642	C	Y	18	1	5,26%	1	1	73	74	0.98	1	1	18	0	1	0	T
p122#10	645	C	Y	16	3	15,79%	1	1	73	74	0.98	1	1	16	0	3	0	T
p122#10	648	C	Y	13	2	13,33%	1	1	72	74	0.98	1	1	13	0	2	0	T
p122#10	649	C	Y	11	4	26,67%	1	1	71	72	0.98	1	1	11	0	4	0	T
p122#10	663	C	Y	7	3	30%	1	1	74	74	0.98	1	1	7	0	3	0	T
p122#10	675	C	Y	9	1	10%	1	1	74	63	0.98	1	1	9	0	1	0	T
p122#10	677	C	Y	9	2	18,18%	1	1	73	68	0.98	1	1	9	0	2	0	T
p122#10	694	C	Y	61	2	3,12%	1	1	72	50	0.98	1	1	61	0	2	0	T
p122#10	697	C	Y	61	6	8,96%	1	1	72	72	0.98	1	1	61	0	6	0	T
p122#10	699	T	Y	65	1	1,52%	1	1	73	74	0.98	1	1	65	0	1	0	C
p122#10	702	C	Y	68	4	5,56%	1	1	69	74	0.98	1	1	68	0	4	0	T
p122#10	703	C	Y	35	34	49,28%	1	1	71	70	0.98	1	1	35	0	34	0	T
p122#10	707	C	Y	74	1	1,33%	1	1	71	61	0.98	1	1	74	0	1	0	T
p122#10	711	C	Y	53	22	29,33%	1	1	72	65	0.98	1	1	53	0	22	0	T
p122#10	729	C	Y	58	1	1,69%	1	1	72	74	0.98	1	1	58	0	1	0	T
p122#10	731	C	Y	56	1	1,75%	1	1	72	74	0.98	1	1	56	0	1	0	T
p122#10	733	C	Y	47	4	7,84%	1	1	73	74	0.98	1	1	47	0	4	0	T
p122#10	756	C	Y	24	1	4%	1	1	72	60	0.98	1	1	24	0	1	0	T
p122#10	759	C	Y	23	1	4,17%	1	1	71	74	0.98	1	1	23	0	1	0	T
p122#10	766	C	Y	16	3	15,79%	1	1	72	69	0.98	1	1	16	0	3	0	T
p122#10	773	G	R	14	1	6,67%	1	1	72	74	0.98	1	1	14	0	1	0	A
p122#10	777	C	Y	10	2	16,67%	1	1	74	66	0.98	1	1	10	0	2	0	T
p122#10	795	C	Y	6	1	14,29%	1	1	74	74	0.98	1	1	6	0	1	0	T
p122#10	807	C	Y	2	4	66,67%	1	1	74	74	0.98	1	1	2	0	4	0	T
p122#10	814	C	T	1	4	80%	1	1	74	70	0.98	1	1	1	0	4	0	T
p122#10	825	C	Y	6	1	14,29%	1	1	73	74	0.98	1	1	6	0	1	0	T
p122#10	827	C	Y	6	1	14,29%	1	1	73	62	0.98	1	1	6	0	1	0	T
p122#10	840	C	Y	13	13	50%	1	1	70	68	0.98	1	1	13	0	13	0	T
p122#10	841	C	Y	36	8	18,18%	1	1	68	59	0.98	1	1	36	0	8	0	T
p122#10	850	C	Y	62	1	1,59%	1	1	72	57	0.98	1	1	62	0	1	0	T
p122#10	856	C	Y	72	7	8,86%	1	1	73	61	0.98	1	1	72	0	7	0	T
p122#10	858	G	R	72	1	1,37%	1	1	72	74	0.98	1	1	72	0	1	0	A
p122#10	864	C	Y	82	5	5,75%	1	1	73	73	0.98	1	1	82	0	5	0	T
p122#10	865	C	Y	80	8	9,09%	1	1	72	69	0.98	1	1	80	0	8	0	T
p122#10	873	C	Y	68	9	11,69%	1	1	73	70	0.98	1	1	68	0	9	0	T
p122#10	877	C	Y	68	4	5,56%	1	1	72	74	0.98	1	1	68	0	4	0	T
p122#10	888	C	Y	51	3	5,56%	1	1	72	65	0.98	1	1	51	0	3	0	T
p122#10	892	C	Y	45	5	10%	1	1	73	68	0.98	1	1	45	0	5	0	T
p122#10	903	C	Y	30	2	6,25%	1	1	72	74	0.98	1	1	30	0	2	0	T
p122#10	916	C	Y	24	3	11,11%	1	1	73	74	0.98	1	1	24	0	3	0	T
p122#10	928	G	R	21	1	4,55%	1	1	73	74	0.98	1	1	21	0	1	0	A
p122#10	931	C	Y	20	1	4,76%	1	1	73	74	0.98	1	1	20	0	1	0	T
p122#10	932	C	Y	17	3	15%	1	1	73	70	0.98	1	1	17	0	3	0	T
p122#10	936	C	Y	19	3	13,64%	1	1	72	54	0.98	1	1	19	0	3	0	T
p122#10	940	C	Y	24	2	7,69%	1	1	73	74	0.98	1	1	24	0	2	0	T
p122#10	943	C	Y	25	2	7,41%	1	1	74	74	0.98	1	1	25	0	2	0	T
p122#10	946	C	Y	28	1	3,45%	1	1	73	74	0.98	1	1	28	0	1	0	T
p122#10	963	C	Y	20	1	4,76%	1	1	73	74	0.98	1	1	20	0	1	0	T
p122#10	967	C	Y	13	3	18,75%	1	1	73	70	0.98	1	1	13	0	3	0	T
p122#10	975	C	Y	23	4	14,81%	1	1	71	71	0.98	1	1	23	0	4	0	T
p122#10	979	C	Y	38	1	2,56%	1	1	72	74	0.98	1	1	38	0	1	0	T
p122#10	990	C	Y	54	11	16,92%	1	1	71	67	0.98	1	1	54	0	11	0	T
p122#10	994	C	Y	76	6	7,32%	1	1	73	70	0.98	1	1	76	0	6	0	T
p122#10	998	C	Y	69	4	5,48%	1	1	72	67	0.98	1	1	69	0	4	0	T
p122#10	1005	C	Y	85	8	8,6%	1	1	73	70	0.98	1	1	85	0	8	0	T
p122#10	1008	C	Y	90	3	3,19%	1	1	71	74	0.98	1	1	90	0	3	0	T
p122#10	1011	C	Y	56	35	38,46%	1	1	73	71	0.98	1	1	56	0	35	0	T
p122#10	1014	C	Y	101	2	1,94%	1	1	72	68	0.98	1	1	101	0	2	0	T
p122#10	1017	C	Y	55	47	46,08%	1	1	70	71	0.98	1	1	55	0	47	0	T
p122#10	1023	C	Y	70	23	24,73%	1	1	73	71	0.98	1	1	70	0	23	0	T
p122#10	1029	C	Y	69	13	15,85%	1	1	71	72	0.98	1	1	69	0	13	0	T
p122#10	1035	C	Y	64	1	1,54%	1	1	72	74	0.98	1	1	64	0	1	0	T
p122#10	1041	C	Y	50	5	9,09%	1	1	73	68	0.98	1	1	50	0	5	0	T
p122#10	1047	C	Y	44	2	4,35%	1	1	73	74	0.98	1	1	44	0	2	0	T
p122#10	1050	C	Y	27	11	28,95%	1	1	73	70	0.98	1	1	27	0	11	0	T
p122#10	1051	C	Y	37	3	7,5%	1	1	71	74	0.98	1	1	37	0	3	0	T
p122#10	1067	C	Y	24	6	20%	1	1	73	74	0.98	1	1	24	0	6	0	T
p122#10	1069	C	Y	29	1	3,33%	1	1	72	74	0.98	1	1	29	0	1	0	T
p122#10	1098	C	Y	13	2	13,33%	1	1	73	65	0.98	1	1	13	0	2	0	T
p122#10	1101	C	Y	10	3	23,08%	1	1	69	72	0.98	1	1	10	0	3	0	T
p122#10	1104	C	Y	9	3	25%	1	1	73	74	0.98	1	1	9	0	3	0	T
p122#10	1107	C	Y	8	2	20%	1	1	72	59	0.98	1	1	8	0	2	0	T
p122#10	1117	C	Y	5	1	16,67%	1	1	71	62	0.98	1	1	5	0	1	0	T
p122#10	1168	C	Y	87	1	1,14%	1	1	71	74	0.98	1	1	87	0	1	0	T
p122#10	1174	C	Y	77	1	1,28%	1	1	71	74	0.98	1	1	77	0	1	0	T
p122#10	1182	C	Y	59	5	7,81%	1	1	71	71	0.98	1	1	59	0	5	0	T
p122#10	1197	C	Y	44	8	15,38%	1	1	71	72	0.98	1	1	44	0	8	0	T
p122#10	1208	C	Y	39	1	2,5%	1	1	73	74	0.98	1	1	39	0	1	0	T
p122#10	1213	C	Y	37	1	2,63%	1	1	73	74	0.98	1	1	37	0	1	0	T
p122#10	1222	C	Y	36	1	2,7%	1	1	72	74	0.98	1	1	36	0	1	0	T
p122#10	1243	C	Y	20	2	9,09%	1	1	73	74	0.98	1	1	20	0	2	0	T
p122#10	1251	C	Y	19	3	13,64%	1	1	72	74	0.98	1	1	19	0	3	0	T
p122#10	1258	C	Y	11	7	38,89%	1	1	74	70	0.98	1	1	11	0	7	0	T
p122#10	1261	G	R	16	1	5,88%	1	1	74	58	0.98	1	1	16	0	1	0	A
p122#10	1263	C	Y	20	1	4,76%	1	1	71	45	0.98	1	1	20	0	1	0	T
p122#10	1283	C	Y	39	2	4,88%	1	1	72	61	0.98	1	1	39	0	2	0	T
p122#10	1287	C	Y	48	3	5,88%	1	1	72	70	0.98	1	1	48	0	3	0	T
p122#10	1290	C	Y	51	2	3,77%	1	1	72	61	0.98	1	1	51	0	2	0	T
p122#10	1294	C	Y	57	1	1,72%	1	1	73	48	0.98	1	1	57	0	1	0	T
p122#10	1302	G	R	62	1	1,59%	1	1	72	74	0.98	1	1	62	0	1	0	A
p122#10	1311	C	Y	71	7	8,97%	1	1	73	64	0.98	1	1	71	0	7	0	T
p122#10	1314	C	Y	83	3	3,49%	1	1	71	74	0.98	1	1	83	0	3	0	T
p122#10	1317	C	Y	87	12	12,12%	1	1	72	70	0.98	1	1	87	0	12	0	T
p122#10	1319	C	Y	99	5	4,81%	1	1	73	68	0.98	1	1	99	0	5	0	T
p122#10	1327	C	Y	80	1	1,23%	1	1	72	74	0.98	1	1	80	0	1	0	T
p122#10	1330	C	Y	76	1	1,3%	1	1	72	48	0.98	1	1	76	0	1	0	T
p122#10	1331	C	Y	73	5	6,41%	1	1	72	64	0.98	1	1	73	0	5	0	T
p122#10	1332	G	R	69	4	5,48%	1	1	72	66	0.98	1	1	69	0	4	0	A
p122#10	1337	C	Y	64	1	1,54%	1	1	73	74	0.98	1	1	64	0	1	0	T
p122#10	1356	C	Y	44	1	2,22%	1	1	71	62	0.98	1	1	44	0	1	0	T
p122#10	1365	C	Y	39	2	4,88%	1	1	71	74	0.98	1	1	39	0	2	0	T
p122#10	1385	C	Y	39	1	2,5%	1	1	72	62	0.98	1	1	39	0	1	0	T
p122#10	1394	C	Y	24	6	20%	1	1	72	74	0.98	1	1	24	0	6	0	T
p122#10	1399	C	Y	18	8	30,77%	1	1	71	65	0.98	1	1	18	0	8	0	T
p122#10	1408	C	Y	17	1	5,56%	1	1	74	74	0.98	1	1	17	0	1	0	T
p122#10	1422	C	Y	9	3	25%	1	1	74	71	0.98	1	1	9	0	3	0	T
p122#10	1427	C	Y	14	2	12,5%	1	1	73	61	0.98	1	1	14	0	2	0	T
p122#10	1431	C	Y	14	1	6,67%	1	1	72	74	0.98	1	1	14	0	1	0	T
p122#10	1450	C	Y	44	2	4,35%	1	1	73	69	0.98	1	1	44	0	2	0	T
p122#10	1456	C	Y	61	3	4,69%	1	1	72	70	0.98	1	1	61	0	3	0	T
p122#10	1460	C	Y	58	10	14,71%	1	1	71	65	0.98	1	1	58	0	10	0	T
p122#10	1484	C	Y	57	2	3,39%	1	1	71	74	0.98	1	1	57	0	2	0	T
p122#10	1493	C	Y	48	2	4%	1	1	73	74	0.98	1	1	48	0	2	0	T
p122#10	1494	C	Y	50	1	1,96%	1	1	71	62	0.98	1	1	50	0	1	0	T
p122#10	1495	C	Y	48	3	5,88%	1	1	72	74	0.98	1	1	48	0	3	0	T
p122#10	1497	C	Y	50	1	1,96%	1	1	72	74	0.98	1	1	50	0	1	0	T
p122#10	1499	C	Y	48	1	2,04%	1	1	72	62	0.98	1	1	48	0	1	0	T
p122#10	1512	C	Y	29	3	9,38%	1	1	73	74	0.98	1	1	29	0	3	0	T
p122#10	1523	C	Y	27	1	3,57%	1	1	74	74	0.98	1	1	27	0	1	0	T
p122#10	1534	C	Y	24	2	7,69%	1	1	72	74	0.98	1	1	24	0	2	0	T
p122#10	1539	C	Y	15	3	16,67%	1	1	74	74	0.98	1	1	15	0	3	0	T
p122#10	1554	C	Y	6	1	14,29%	1	1	73	74	0.98	1	1	6	0	1	0	T
p122#10	1560	C	Y	5	1	16,67%	1	1	74	59	0.98	1	1	5	0	1	0	T
p122#10	1579	C	Y	17	1	5,56%	1	1	67	74	0.98	1	1	17	0	1	0	T
p122#10	1605	C	Y	14	14	50%	1	1	69	68	0.98	1	1	14	0	14	0	T
p122#10	1611	C	Y	35	1	2,78%	1	1	71	74	0.98	1	1	35	0	1	0	T
p122#10	1612	C	Y	32	1	3,03%	1	1	69	62	0.98	1	1	32	0	1	0	T
p122#10	1626	C	Y	24	24	50%	1	1	71	63	0.98	1	1	24	0	24	0	T
p122#10	1628	C	Y	48	1	2,04%	1	1	68	74	0.98	1	1	48	0	1	0	T
p122#10	1629	C	Y	38	9	19,15%	1	1	70	69	0.98	1	1	38	0	9	0	T
p122#10	1631	C	Y	45	1	2,17%	1	1	69	74	0.98	1	1	45	0	1	0	T
p122#10	1639	C	Y	32	7	17,95%	1	1	70	64	0.98	1	1	32	0	7	0	T
p122#10	1647	C	Y	30	4	11,76%	1	1	71	54	0.98	1	1	30	0	4	0	T
p122#10	1659	C	Y	20	2	9,09%	1	1	70	60	0.98	1	1	20	0	2	0	T
p122#10	1665	C	Y	18	3	13,64%	1	1	71	74	0.98	1	1	18	0	3	0	T
p122#10	1671	C	Y	17	2	10,53%	1	1	73	74	0.98	1	1	17	0	2	0	T
p122#10	1672	C	Y	18	1	5,26%	1	1	73	74	0.98	1	1	18	0	1	0	T
p122#10	1699	C	Y	21	2	8,7%	1	1	72	66	0.98	1	1	21	0	2	0	T
p122#10	1717	C	Y	13	6	31,58%	1	1	73	74	0.98	1	1	13	0	6	0	T
p122#10	1720	C	Y	17	3	15%	1	1	73	74	0.98	1	1	17	0	3	0	T
p122#10	1729	C	Y	48	2	4%	1	1	72	61	0.98	1	1	48	0	2	0	T
p122#10	1730	C	Y	50	1	1,96%	1	1	71	74	0.98	1	1	50	0	1	0	T
p122#10	1736	G	R	51	1	1,92%	1	1	73	62	0.98	1	1	51	0	1	0	A
p122#10	1745	C	M	80	1	1,23%	1	1	73	74	0.98	1	1	80	0	1	0	A
p122#10	1753	C	Y	104	3	2,8%	1	1	72	65	0.98	1	1	104	0	3	0	T
p122#10	1756	C	Y	119	1	0,83%	1	1	72	74	0.98	1	1	119	0	1	0	T
p122#10	1757	C	Y	114	6	5%	1	1	73	64	0.98	1	1	114	0	6	0	T
p122#10	1761	C	Y	136	1	0,73%	1	1	72	45	0.98	1	1	136	0	1	0	T
p122#10	1765	C	Y	99	19	16,1%	1	1	72	73	0.98	1	1	99	0	19	0	T
p122#10	1770	C	Y	131	1	0,76%	1	1	72	74	0.98	1	1	131	0	1	0	T
p122#10	1771	C	Y	139	4	2,8%	1	1	72	66	0.98	1	1	139	0	4	0	T
p122#10	1778	C	Y	141	1	0,7%	1	1	72	74	0.98	1	1	141	0	1	0	T
p122#10	1779	C	Y	111	24	17,78%	1	1	72	71	0.98	1	1	111	0	24	0	T
p122#10	1780	C	Y	125	10	7,41%	1	1	72	70	0.98	1	1	125	0	10	0	T
p122#10	1784	C	Y	120	1	0,83%	1	1	72	74	0.98	1	1	120	0	1	0	T
p122#10	1785	C	Y	115	2	1,71%	1	1	72	74	0.98	1	1	115	0	2	0	T
p122#10	1793	C	Y	77	10	11,24%	1	1	72	71	0.98	1	1	77	0	10	0	T
p122#10	1801	C	Y	15	43	74,14%	1	1	73	72	0.98	1	1	15	0	43	0	T
p122#10	1802	C	T	8	52	86,67%	1	1	70	73	0.98	1	1	8	0	52	0	T
p122#10	1806	C	Y	60	3	4,76%	1	1	72	74	0.98	1	1	60	0	3	0	T
p122#10	1827	C	Y	50	2	3,85%	1	1	72	74	0.98	1	1	50	0	2	0	T
p122#10	1831	C	Y	47	1	2,08%	1	1	73	74	0.98	1	1	47	0	1	0	T
p122#10	1857	C	Y	34	4	10,53%	1	1	73	67	0.98	1	1	34	0	4	0	T
p122#10	1863	C	Y	35	1	2,78%	1	1	73	74	0.98	1	1	35	0	1	0	T
p122#10	1888	C	Y	23	2	8%	1	1	73	74	0.98	1	1	23	0	2	0	T
p122#10	1890	C	Y	26	4	13,33%	1	1	71	70	0.98	1	1	26	0	4	0	T
p122#10	1914	C	Y	56	8	12,5%	1	1	69	64	0.98	1	1	56	0	8	0	T
p122#10	1921	C	Y	54	8	12,9%	1	1	72	72	0.98	1	1	54	0	8	0	T
p122#10	1925	C	Y	58	19	24,68%	1	1	72	65	0.98	1	1	58	0	19	0	T
p122#10	1936	C	Y	46	10	17,86%	1	1	71	74	0.98	1	1	46	0	10	0	T
p122#10	1937	C	Y	53	1	1,85%	1	1	73	74	0.98	1	1	53	0	1	0	T
p122#10	1955	C	Y	31	4	11,43%	1	1	71	71	0.98	1	1	31	0	4	0	T
p122#10	1956	C	Y	31	4	11,43%	1	1	73	67	0.98	1	1	31	0	4	0	T
p122#10	1958	G	R	31	1	3,12%	1	1	73	53	0.98	1	1	31	0	1	0	A
p122#10	1969	C	Y	10	10	50%	1	1	74	74	0.98	1	1	10	0	10	0	T
p122#10	2010	C	Y	8	1	11,11%	1	1	74	74	0.98	1	1	8	0	1	0	T
p122#10	2036	C	Y	59	1	1,67%	1	1	72	68	0.98	1	1	59	0	1	0	T
p122#10	2046	C	Y	80	1	1,23%	1	1	72	70	0.98	1	1	80	0	1	0	T
p122#10	2050	C	Y	86	3	3,37%	1	1	72	68	0.98	1	1	86	0	3	0	T
p122#10	2060	C	Y	130	1	0,76%	1	1	72	47	0.98	1	1	130	0	1	0	T
p122#10	2062	C	Y	124	5	3,88%	1	1	72	68	0.98	1	1	124	0	5	0	T
p122#10	2065	C	Y	136	4	2,86%	1	1	70	71	0.98	1	1	136	0	4	0	T
p122#10	2066	C	Y	136	2	1,45%	1	1	72	74	0.98	1	1	136	0	2	0	T
p122#10	2072	C	Y	136	3	2,16%	1	1	72	56	0.98	1	1	136	0	3	0	T
p122#10	2074	C	Y	137	2	1,44%	1	1	72	60	0.98	1	1	137	0	2	0	T
p122#10	2101	C	Y	20	28	58,33%	1	1	72	70	0.98	1	1	20	0	28	0	T
p122#10	2124	C	Y	32	1	3,03%	1	1	71	74	0.98	1	1	32	0	1	0	T
p122#10	2127	C	Y	10	23	69,7%	1	1	72	71	0.98	1	1	10	0	23	0	T
p122#10	2137	C	Y	25	2	7,41%	1	1	72	74	0.98	1	1	25	0	2	0	T
p122#10	2139	C	Y	19	7	26,92%	1	1	72	74	0.98	1	1	19	0	7	0	T
p122#10	2145	C	Y	15	7	31,82%	1	1	71	70	0.98	1	1	15	0	7	0	T
p122#10	2154	C	Y	15	1	6,25%	1	1	69	74	0.98	1	1	15	0	1	0	T
p122#10	2167	C	Y	10	1	9,09%	1	1	73	48	0.98	1	1	10	0	1	0	T
p122#10	2209	C	Y	47	2	4,08%	1	1	73	68	0.98	1	1	47	0	2	0	T
p122#10	2220	C	Y	85	1	1,16%	1	1	72	52	0.98	1	1	85	0	1	0	T
p122#10	2222	C	Y	98	3	2,94%	1	1	72	60	0.98	1	1	98	0	3	0	T
p122#10	2231	C	Y	93	5	5,1%	1	1	71	67	0.98	1	1	93	0	5	0	T
p122#10	2232	C	Y	96	1	1,03%	1	1	69	68	0.98	1	1	96	0	1	0	T
p122#10	2233	C	Y	91	3	3,19%	1	1	71	65	0.98	1	1	91	0	3	0	T
p122#10	2244	C	Y	69	8	10,39%	1	1	73	67	0.98	1	1	69	0	8	0	T
p122#10	2254	C	Y	51	1	1,92%	1	1	73	74	0.98	1	1	51	0	1	0	T
p122#10	2257	C	Y	51	2	3,77%	1	1	73	71	0.98	1	1	51	0	2	0	T
p122#10	2259	C	Y	49	3	5,77%	1	1	73	63	0.98	1	1	49	0	3	0	T
p122#10	2263	C	Y	48	1	2,04%	1	1	72	74	0.98	1	1	48	0	1	0	T
p122#10	2265	C	Y	42	1	2,33%	1	1	72	74	0.98	1	1	42	0	1	0	T
p122#10	2272	C	Y	39	1	2,5%	1	1	72	74	0.98	1	1	39	0	1	0	T
p122#10	2274	C	Y	38	1	2,56%	1	1	73	74	0.98	1	1	38	0	1	0	T
p122#10	2279	C	Y	34	4	10,53%	1	1	73	74	0.98	1	1	34	0	4	0	T
p122#10	2281	C	Y	29	9	23,68%	1	1	73	74	0.98	1	1	29	0	9	0	T
p122#10	2303	C	Y	23	1	4,17%	1	1	71	74	0.98	1	1	23	0	1	0	T
p122#10	2306	C	Y	19	2	9,52%	1	1	72	68	0.98	1	1	19	0	2	0	T
p122#10	2310	C	Y	20	1	4,76%	1	1	72	74	0.98	1	1	20	0	1	0	T
p122#10	2323	C	Y	13	2	13,33%	1	1	70	74	0.98	1	1	13	0	2	0	T
p122#10	2327	C	Y	11	1	8,33%	1	1	70	74	0.98	1	1	11	0	1	0	T
p122#10	2355	C	Y	27	1	3,57%	1	1	72	74	0.98	1	1	27	0	1	0	T
p122#10	2370	C	Y	41	2	4,65%	1	1	72	74	0.98	1	1	41	0	2	0	T
p122#10	2387	C	Y	42	6	12,5%	1	1	72	67	0.98	1	1	42	0	6	0	T
p122#10	2391	C	Y	38	1	2,56%	1	1	71	62	0.98	1	1	38	0	1	0	T
p122#10	2401	C	Y	22	6	21,43%	1	1	72	74	0.98	1	1	22	0	6	0	T
p122#10	2408	C	Y	26	2	7,14%	1	1	72	60	0.98	1	1	26	0	2	0	T
p122#10	2412	C	T	3	23	88,46%	1	1	70	64	0.98	1	1	3	0	23	0	T
p122#10	2448	C	Y	13	1	7,14%	1	1	73	74	0.98	1	1	13	0	1	0	T
p122#10	2465	C	Y	8	1	11,11%	1	1	72	62	0.98	1	1	8	0	1	0	T
p122#10	2467	C	Y	6	2	25%	1	1	74	61	0.98	1	1	6	0	2	0	T
p122#10	2476	C	Y	9	5	35,71%	1	1	74	65	0.98	1	1	9	0	5	0	T
p122#10	2501	C	Y	42	1	2,33%	1	1	71	74	0.98	1	1	42	0	1	0	T
p122#10	2507	C	Y	51	3	5,56%	1	1	70	72	0.98	1	1	51	0	3	0	T
p122#10	2511	C	Y	64	2	3,03%	1	1	71	53	0.98	1	1	64	0	2	0	T
p122#10	2514	C	Y	76	7	8,43%	1	1	73	68	0.98	1	1	76	0	7	0	T
p122#10	2526	C	Y	89	5	5,32%	1	1	73	71	0.98	1	1	89	0	5	0	T
p122#10	2528	C	Y	105	1	0,94%	1	1	72	74	0.98	1	1	105	0	1	0	T
p122#10	2534	C	Y	105	1	0,94%	1	1	73	74	0.98	1	1	105	0	1	0	T
p122#10	2536	G	R	105	1	0,94%	1	1	72	74	0.98	1	1	105	0	1	0	A
p122#10	2540	C	Y	90	3	3,23%	1	1	73	74	0.98	1	1	90	0	3	0	T
p122#10	2543	T	Y	84	1	1,18%	1	1	73	74	0.98	1	1	84	0	1	0	C
p122#10	2559	C	Y	60	1	1,64%	1	1	73	74	0.98	1	1	60	0	1	0	T
p122#10	2563	C	Y	48	2	4%	1	1	72	68	0.98	1	1	48	0	2	0	T
p122#10	2570	C	Y	41	3	6,82%	1	1	74	74	0.98	1	1	41	0	3	0	T
p122#10	2574	C	Y	41	2	4,65%	1	1	72	74	0.98	1	1	41	0	2	0	T
p122#10	2587	C	Y	34	1	2,86%	1	1	73	63	0.98	1	1	34	0	1	0	T
p122#10	2594	C	Y	26	2	7,14%	1	1	72	67	0.98	1	1	26	0	2	0	T
p122#10	2596	C	Y	25	1	3,85%	1	1	72	74	0.98	1	1	25	0	1	0	T
p122#10	2654	C	Y	62	2	3,12%	1	1	72	66	0.98	1	1	62	0	2	0	T
p122#10	2662	C	Y	65	3	4,41%	1	1	71	66	0.98	1	1	65	0	3	0	T
p122#10	2663	C	Y	75	5	6,25%	1	1	71	56	0.98	1	1	75	0	5	0	T
p122#10	2681	C	Y	105	2	1,87%	1	1	70	52	0.98	1	1	105	0	2	0	T
p122#10	2690	C	Y	78	9	10,34%	1	1	69	72	0.98	1	1	78	0	9	0	T
p122#10	2693	G	R	79	1	1,25%	1	1	71	74	0.98	1	1	79	0	1	0	A
p122#10	2696	C	Y	73	1	1,35%	1	1	72	74	0.98	1	1	73	0	1	0	T
p122#10	2697	C	Y	69	1	1,43%	1	1	69	74	0.98	1	1	69	0	1	0	T
p122#10	2704	C	Y	62	2	3,12%	1	1	68	70	0.98	1	1	62	0	2	0	T
p122#10	2721	C	Y	58	1	1,69%	1	1	69	74	0.98	1	1	58	0	1	0	T
p122#10	2731	C	Y	46	1	2,13%	1	1	71	62	0.98	1	1	46	0	1	0	T
p122#10	2744	G	R	31	1	3,12%	1	1	69	74	0.98	1	1	31	0	1	0	A
p122#10	2749	C	Y	25	1	3,85%	1	1	71	74	0.98	1	1	25	0	1	0	T
p122#10	2760	C	Y	17	2	10,53%	1	1	71	68	0.98	1	1	17	0	2	0	T
p122#10	2769	C	Y	14	2	12,5%	1	1	72	74	0.98	1	1	14	0	2	0	T
p122#10	2812	C	Y	33	1	2,94%	1	1	73	48	0.98	1	1	33	0	1	0	T
p122#10	2817	C	Y	39	6	13,33%	1	1	72	65	0.98	1	1	39	0	6	0	T
p122#10	2819	C	Y	49	1	2%	1	1	70	62	0.98	1	1	49	0	1	0	T
p122#10	2834	C	Y	74	4	5,13%	1	1	72	71	0.98	1	1	74	0	4	0	T
p122#10	2881	C	Y	34	2	5,56%	1	1	73	74	0.98	1	1	34	0	2	0	T
p122#10	2890	C	Y	27	4	12,9%	1	1	73	67	0.98	1	1	27	0	4	0	T
p122#10	2899	C	Y	23	2	8%	1	1	72	68	0.98	1	1	23	0	2	0	T
p122#10	2978	C	Y	94	9	8,74%	1	1	68	66	0.98	1	1	94	0	9	0	T
p122#10	2991	C	Y	85	1	1,16%	1	1	67	72	0.98	1	1	85	0	1	0	T
p122#10	3006	C	Y	59	5	7,81%	1	1	73	66	0.98	1	1	59	0	5	0	T
p122#10	3013	C	Y	65	1	1,52%	1	1	69	48	0.98	1	1	65	0	1	0	T
p122#10	3028	C	Y	35	8	18,6%	1	1	65	66	0.98	1	1	35	0	8	0	T
p122#10	3105	C	Y	48	14	17,28%	1	1	66	61	0.98	1	1	48	0	14	0	T
p122#10	3143	G	R	51	1	1,92%	1	1	71	74	0.98	1	1	51	0	1	0	A
p122#10	3150	C	Y	35	1	2,78%	1	1	68	74	0.98	1	1	35	0	1	0	T
p122#10	3151	C	Y	34	2	5,56%	1	1	72	61	0.98	1	1	34	0	2	0	T
p122#10	3377	C	Y	52	1	1,89%	1	1	73	74	0.98	1	1	52	0	1	0	T
p122#10	3411	C	Y	56	4	6,67%	1	1	73	67	0.98	1	1	56	0	4	0	T
p122#10	3515	C	Y	18	2	10%	1	1	73	61	0.98	1	1	18	0	2	0	T
p122#10	3550	G	R	71	1	1,39%	1	1	72	74	0.98	1	1	71	0	1	0	A
p122#10	3726	C	Y	48	2	4%	1	1	73	68	0.98	1	1	48	0	2	0	T
p122#10	3736	G	R	46	1	2,13%	1	1	73	62	0.98	1	1	46	0	1	0	A
p122#10	3776	C	Y	20	1	4,76%	1	1	73	62	0.98	1	1	20	0	1	0	T
p122#10	3825	C	Y	64	1	1,54%	1	1	72	62	0.98	1	1	64	0	1	0	T
p122#10	3885	C	Y	72	1	1,37%	1	1	72	74	0.98	1	1	72	0	1	0	T
p122#10	3916	C	Y	36	2	5,26%	1	1	72	68	0.98	1	1	36	0	2	0	T
p122#10	3948	C	Y	30	1	3,23%	1	1	73	59	0.98	1	1	30	0	1	0	T
p122#10	3958	C	Y	33	1	2,94%	1	1	71	59	0.98	1	1	33	0	1	0	T
p122#10	3974	G	R	127	1	0,78%	1	1	72	68	0.98	1	1	127	0	1	0	A
p122#10	3976	T	Y	144	1	0,69%	1	1	71	74	0.98	1	1	144	0	1	0	C
p122#10	3981	C	Y	204	4	1,92%	1	1	72	64	0.98	1	1	204	0	4	0	T
p122#10	3982	C	Y	201	1	0,5%	1	1	72	74	0.98	1	1	201	0	1	0	T
p122#10	3985	C	Y	210	1	0,47%	1	1	72	74	0.98	1	1	210	0	1	0	T
p122#10	3988	C	Y	216	1	0,46%	1	1	72	74	0.98	1	1	216	0	1	0	T
p122#10	3991	C	Y	217	2	0,91%	1	1	73	74	0.98	1	1	217	0	2	0	T
p122#10	4022	C	Y	421	1	0,24%	1	1	71	74	0.98	1	1	421	0	1	0	T
p122#10	4025	C	Y	449	3	0,66%	1	1	71	74	0.98	1	1	449	0	3	0	T
p122#10	4041	C	Y	448	1	0,22%	1	1	72	74	0.98	1	1	448	0	1	0	T
p122#10	4044	C	Y	449	2	0,44%	1	1	73	68	0.98	1	1	449	0	2	0	T
p122#10	4074	C	Y	353	6	1,67%	1	1	72	70	0.98	1	1	353	0	6	0	T
p122#10	4087	G	R	296	1	0,34%	1	1	72	74	0.98	1	1	296	0	1	0	A
p122#10	4100	G	R	229	1	0,43%	1	1	72	44	0.98	1	1	229	0	1	0	A
