Chrom	Position	Ref	Cons	Reads1	Reads2	VarFreq	Strands1	Strands2	Qual1	Qual2	Pvalue	MapQual1	MapQual2	Reads1Plus	Reads1Minus	Reads2Plus	Reads2Minus	VarAllele
p122#10	139	A	R	52	1	1,89%	1	1	66	74	0.98	1	1	52	0	1	0	G
p122#10	148	A	R	36	1	1,96%	1	1	60	48	0.98	1	1	36	0	1	0	G
p122#10	162	T	Y	36	1	2,7%	1	1	65	62	0.98	1	1	36	0	1	0	C
p122#10	262	T	Y	102	1	0,97%	1	1	68	74	0.98	1	1	102	0	1	0	C
p122#10	263	A	R	103	2	1,9%	1	1	68	55	0.98	1	1	103	0	2	0	G
p122#10	393	A	R	34	1	2,86%	1	1	71	74	0.98	1	1	34	0	1	0	G
p122#10	402	T	Y	33	1	2,94%	1	1	67	74	0.98	1	1	33	0	1	0	C
p122#10	404	T	Y	31	1	3,12%	1	1	66	62	0.98	1	1	31	0	1	0	C
p122#10	405	A	R	32	2	5,88%	1	1	70	67	0.98	1	1	32	0	2	0	G
p122#10	411	A	R	47	3	5,88%	1	1	70	74	0.98	1	1	47	0	3	0	G
p122#10	417	A	R	41	13	24,07%	1	1	72	72	0.98	1	1	41	0	13	0	G
p122#10	421	T	Y	51	1	1,92%	1	1	70	74	0.98	1	1	51	0	1	0	C
p122#10	430	A	R	32	3	8,57%	1	1	71	74	0.98	1	1	32	0	3	0	G
p122#10	438	T	Y	29	2	6,45%	1	1	67	74	0.98	1	1	29	0	2	0	C
p122#10	439	A	R	28	2	6,67%	1	1	72	74	0.98	1	1	28	0	2	0	G
p122#10	446	C	Y	25	1	3,85%	1	1	71	74	0.98	1	1	25	0	1	0	T
p122#10	454	A	R	19	1	5%	1	1	74	74	0.98	1	1	19	0	1	0	G
p122#10	464	T	Y	19	1	5%	1	1	71	48	0.98	1	1	19	0	1	0	C
p122#10	482	T	Y	9	2	18,18%	1	1	71	74	0.98	1	1	9	0	2	0	C
p122#10	483	A	R	9	1	10%	1	1	74	74	0.98	1	1	9	0	1	0	G
p122#10	519	T	Y	5	1	16,67%	1	1	74	74	0.98	1	1	5	0	1	0	C
p122#10	525	T	Y	26	1	3,7%	1	1	72	74	0.98	1	1	26	0	1	0	C
p122#10	527	T	Y	24	1	3,85%	1	1	72	74	0.98	1	1	24	0	1	0	C
p122#10	528	A	R	21	4	16%	1	1	74	74	0.98	1	1	21	0	4	0	G
p122#10	556	A	R	61	1	1,61%	1	1	72	74	0.98	1	1	61	0	1	0	G
p122#10	563	T	Y	88	2	2,22%	1	1	71	74	0.98	1	1	88	0	2	0	C
p122#10	564	A	R	81	8	8,99%	1	1	72	69	0.98	1	1	81	0	8	0	G
p122#10	574	A	R	62	12	16,22%	1	1	72	72	0.98	1	1	62	0	12	0	G
p122#10	628	A	R	22	1	4,35%	1	1	71	74	0.98	1	1	22	0	1	0	G
p122#10	653	T	Y	13	2	13,33%	1	1	73	74	0.98	1	1	13	0	2	0	C
p122#10	657	T	Y	10	1	9,09%	1	1	71	74	0.98	1	1	10	0	1	0	C
p122#10	661	T	Y	10	1	9,09%	1	1	71	74	0.98	1	1	10	0	1	0	C
p122#10	698	A	R	49	1	2%	1	1	72	63	0.98	1	1	49	0	1	0	G
p122#10	699	T	Y	47	1	2,08%	1	1	71	74	0.98	1	1	47	0	1	0	C
p122#10	710	T	Y	58	1	1,69%	2	1	72	74	0.98	1	1	57	1	1	0	C
p122#10	712	A	R	55	1	1,79%	2	1	73	74	0.98	1	1	54	1	1	0	G
p122#10	726	T	Y	43	1	2,27%	2	1	72	74	0.98	1	1	42	1	1	0	C
p122#10	747	A	R	20	1	4,76%	1	1	72	74	0.98	1	1	20	0	1	0	G
p122#10	749	A	R	19	1	5%	1	1	73	74	0.98	1	1	19	0	1	0	G
p122#10	753	A	R	19	1	5%	1	1	74	74	0.98	1	1	19	0	1	0	G
p122#10	816	T	Y	3	1	25%	1	1	74	74	0.98	1	1	3	0	1	0	C
p122#10	861	A	R	38	1	2,56%	1	1	72	74	0.98	1	1	38	0	1	0	G
p122#10	886	A	R	32	2	5,88%	1	1	73	74	0.98	1	1	32	0	2	0	G
p122#10	898	A	R	23	1	4,17%	1	1	73	48	0.98	1	1	23	0	1	0	G
p122#10	906	A	R	15	1	6,25%	1	1	74	74	0.98	1	1	15	0	1	0	G
p122#10	955	T	Y	18	1	5,26%	1	1	65	74	0.98	1	1	18	0	1	0	C
p122#10	973	A	R	11	1	8,33%	1	1	72	68	0.98	1	1	11	0	1	0	G
p122#10	984	T	Y	46	1	2,13%	1	1	73	62	0.98	1	1	46	0	1	0	C
p122#10	992	T	Y	70	1	1,41%	1	1	73	74	0.98	1	1	70	0	1	0	C
p122#10	1023	C	Y	92	1	1,08%	1	1	71	74	0.98	1	1	92	0	1	0	T
p122#10	1024	A	R	89	1	1,11%	1	1	73	74	0.98	1	1	89	0	1	0	G
p122#10	1038	T	Y	60	1	1,64%	1	1	72	62	0.98	1	1	60	0	1	0	C
p122#10	1039	A	R	57	2	3,39%	1	1	71	74	0.98	1	1	57	0	2	0	G
p122#10	1044	A	R	50	1	1,96%	1	1	72	74	0.98	1	1	50	0	1	0	G
p122#10	1055	T	Y	28	1	3,45%	1	1	72	74	0.98	1	1	28	0	1	0	C
p122#10	1058	A	R	26	1	3,7%	1	1	72	74	0.98	1	1	26	0	1	0	G
p122#10	1073	A	R	25	1	3,85%	1	1	72	74	0.98	1	1	25	0	1	0	G
p122#10	1148	T	Y	17	1	5,56%	1	1	73	74	0.98	1	1	17	0	1	0	C
p122#10	1149	A	R	19	1	5%	1	1	71	74	0.98	1	1	19	0	1	0	G
p122#10	1153	T	Y	27	1	3,45%	1	1	71	62	0.98	1	1	27	0	1	0	C
p122#10	1171	A	R	34	1	2,86%	1	1	70	74	0.98	1	1	34	0	1	0	G
p122#10	1195	A	R	25	1	3,85%	1	1	73	74	0.98	1	1	25	0	1	0	G
p122#10	1202	T	Y	21	1	4,55%	1	1	72	74	0.98	1	1	21	0	1	0	C
p122#10	1368	T	Y	38	1	2,56%	1	1	72	74	0.98	1	1	38	0	1	0	C
p122#10	1380	T	Y	32	1	3,03%	1	1	70	74	0.98	1	1	32	0	1	0	C
p122#10	1382	T	Y	35	1	2,78%	1	1	72	74	0.98	1	1	35	0	1	0	C
p122#10	1402	A	R	19	1	5%	1	1	73	74	0.98	1	1	19	0	1	0	G
p122#10	1482	T	Y	51	1	1,92%	1	1	70	74	0.98	1	1	51	0	1	0	C
p122#10	1488	T	Y	46	1	2,13%	1	1	69	74	0.98	1	1	46	0	1	0	C
p122#10	1597	T	Y	6	1	14,29%	1	1	71	74	0.98	1	1	6	0	1	0	C
p122#10	1654	A	R	7	1	12,5%	1	1	72	74	0.98	1	1	7	0	1	0	G
p122#10	1732	A	R	21	1	4,35%	1	1	73	71	0.98	1	1	21	0	1	0	G
p122#10	1767	C	Y	95	2	2,06%	1	1	73	74	0.98	1	1	95	0	2	0	T
p122#10	1777	A	R	103	1	0,96%	1	1	73	74	0.98	1	1	103	0	1	0	G
p122#10	1881	T	Y	10	2	16,67%	1	1	73	72	0.98	1	1	10	0	2	0	C
p122#10	1908	A	R	28	1	3,45%	1	1	73	74	0.98	1	1	28	0	1	0	G
p122#10	1920	A	R	44	1	2,22%	1	1	73	62	0.98	1	1	44	0	1	0	G
p122#10	1934	A	R	32	1	3,03%	1	1	72	74	0.98	1	1	32	0	1	0	G
p122#10	1946	T	Y	15	2	11,76%	1	1	72	74	0.98	1	1	15	0	2	0	C
p122#10	2122	T	Y	21	1	4,55%	1	1	72	74	0.98	1	1	21	0	1	0	C
p122#10	2123	A	R	21	1	4,55%	1	1	72	74	0.98	1	1	21	0	1	0	G
p122#10	2141	A	R	16	1	5,88%	1	1	70	62	0.98	1	1	16	0	1	0	G
p122#10	2150	A	R	15	1	6,25%	1	1	73	74	0.98	1	1	15	0	1	0	G
p122#10	2504	T	Y	33	1	2,94%	1	1	69	74	0.98	1	1	33	0	1	0	C
p122#10	2505	A	R	31	1	3,12%	1	1	70	74	0.98	1	1	31	0	1	0	G
p122#10	2520	T	Y	65	1	1,52%	1	1	73	43	0.98	1	1	65	0	1	0	C
p122#10	2589	A	R	21	1	4,55%	1	1	69	74	0.98	1	1	21	0	1	0	G
p122#10	2645	T	Y	34	1	2,86%	1	1	68	46	0.98	1	1	34	0	1	0	C
p122#10	2687	A	R	70	1	1,41%	1	1	70	74	0.98	1	1	70	0	1	0	G
p122#10	2715	C	Y	40	1	2,44%	1	1	70	45	0.98	1	1	40	0	1	0	T
p122#10	2898	T	Y	15	1	6,25%	1	1	73	74	0.98	1	1	15	0	1	0	C
p122#10	2953	T	Y	34	1	2,86%	1	1	71	48	0.98	1	1	34	0	1	0	C
p122#10	2954	A	R	33	1	2,94%	1	1	70	74	0.98	1	1	33	0	1	0	G
p122#10	2999	A	R	42	2	4,55%	1	1	67	74	0.98	1	1	42	0	2	0	G
p122#10	3001	A	R	40	2	4,76%	1	1	66	61	0.98	1	1	40	0	2	0	G
p122#10	3049	T	Y	12	1	7,69%	1	1	66	74	0.98	1	1	12	0	1	0	C
p122#10	3122	T	Y	72	1	1,37%	1	1	62	48	0.98	1	1	72	0	1	0	C
p122#10	3240	A	R	30	1	3,23%	1	1	61	62	0.98	1	1	30	0	1	0	G
p122#10	3351	T	Y	8	1	11,11%	1	1	72	74	0.98	1	1	8	0	1	0	C
p122#10	3408	T	Y	46	1	2,13%	1	1	72	74	0.98	1	1	46	0	1	0	C
p122#10	3427	A	R	49	1	2%	1	1	72	74	0.98	1	1	49	0	1	0	G
p122#10	3490	T	Y	13	1	7,14%	1	1	72	74	0.98	1	1	13	0	1	0	C
p122#10	3517	A	R	17	1	5,56%	1	1	70	74	0.98	1	1	17	0	1	0	G
p122#10	3568	A	R	48	1	2,04%	1	1	73	74	0.98	1	1	48	0	1	0	G
p122#10	3702	A	R	50	1	1,96%	1	1	71	62	0.98	1	1	50	0	1	0	G
p122#10	3748	T	Y	22	1	4,35%	1	1	72	74	0.98	1	1	22	0	1	0	C
p122#10	3875	A	R	84	1	1,18%	1	1	72	48	0.98	1	1	84	0	1	0	G
p122#10	3876	A	R	82	1	1,2%	1	1	69	62	0.98	1	1	82	0	1	0	G
p122#10	3890	T	Y	74	1	1,33%	1	1	72	74	0.98	1	1	74	0	1	0	C
p122#10	3897	A	R	67	1	1,47%	1	1	70	74	0.98	1	1	67	0	1	0	G
p122#10	3937	A	R	44	1	2,22%	1	1	72	62	0.98	1	1	44	0	1	0	G
p122#10	3973	T	Y	97	1	1,02%	1	1	70	74	0.98	1	1	97	0	1	0	C
p122#10	4013	T	Y	356	1	0,28%	1	1	72	74	0.98	1	1	356	0	1	0	C
p122#10	4014	A	R	356	1	0,28%	1	1	71	74	0.98	1	1	356	0	1	0	G
p122#10	4020	A	R	388	3	0,77%	1	1	71	74	0.98	1	1	388	0	3	0	G
p122#10	4031	G	K	476	1	0,21%	1	1	72	62	0.98	1	1	476	0	1	0	T
p122#10	4036	T	Y	505	1	0,2%	1	1	72	74	0.98	1	1	505	0	1	0	C
p122#10	4045	A	R	485	5	1,02%	1	1	72	74	0.98	1	1	485	0	5	0	G
p122#10	4051	C	Y	464	1	0,22%	1	1	72	74	0.98	1	1	464	0	1	0	T
p122#10	4053	T	Y	467	1	0,21%	1	1	69	48	0.98	1	1	467	0	1	0	C
p122#10	4055	A	R	461	4	0,86%	1	1	71	74	0.98	1	1	461	0	4	0	G
p122#10	4059	G	R	443	1	0,23%	1	1	72	74	0.98	1	1	443	0	1	0	A
p122#10	4075	A	R	369	2	0,54%	1	1	70	74	0.98	1	1	369	0	2	0	G
p122#10	4076	A	R	354	1	0,28%	1	1	69	74	0.98	1	1	354	0	1	0	G
p122#10	4105	T	Y	221	1	0,45%	1	1	71	74	0.98	1	1	221	0	1	0	C
