Chrom	Position	Ref	Cons	Reads1	Reads2	VarFreq	Strands1	Strands2	Qual1	Qual2	Pvalue	MapQual1	MapQual2	Reads1Plus	Reads1Minus	Reads2Plus	Reads2Minus	VarAllele
p122#10	227	C	Y	105	1	0,94%	1	1	70	48	0.98	1	1	105	0	1	0	T
p122#10	233	G	R	163	3	1,81%	1	1	68	69	0.98	1	1	163	0	3	0	A
p122#10	254	C	Y	257	1	0,39%	1	1	68	62	0.98	1	1	257	0	1	0	T
p122#10	270	G	R	243	2	0,82%	1	1	70	61	0.98	1	1	243	0	2	0	A
p122#10	285	A	R	161	1	0,62%	1	1	68	74	0.98	1	1	161	0	1	0	G
p122#10	322	G	R	102	1	0,97%	1	1	73	74	0.98	1	1	102	0	1	0	A
p122#10	357	C	Y	60	4	6,25%	1	1	72	74	0.98	1	1	60	0	4	0	T
p122#10	418	C	Y	147	1	0,68%	1	1	72	63	0.98	1	1	147	0	1	0	T
p122#10	423	C	Y	132	8	5,71%	1	1	71	69	0.98	1	1	132	0	8	0	T
p122#10	426	C	Y	143	9	5,92%	1	1	72	70	0.98	1	1	143	0	9	0	T
p122#10	431	C	Y	129	2	1,53%	1	1	71	74	0.98	1	1	129	0	2	0	T
p122#10	434	C	Y	120	1	0,83%	1	1	71	74	0.98	1	1	120	0	1	0	T
p122#10	436	G	R	122	1	0,81%	1	1	72	74	0.98	1	1	122	0	1	0	A
p122#10	438	T	Y	118	1	0,84%	1	1	71	74	0.98	1	1	118	0	1	0	C
p122#10	447	G	R	105	1	0,94%	1	1	73	74	0.98	1	1	105	0	1	0	A
p122#10	453	C	Y	93	5	5,1%	1	1	72	74	0.98	1	1	93	0	5	0	T
p122#10	462	C	Y	89	7	7,29%	1	1	71	74	0.98	1	1	89	0	7	0	T
p122#10	471	C	Y	85	8	8,6%	1	1	73	74	0.98	1	1	85	0	8	0	T
p122#10	475	G	R	87	1	1,14%	1	1	72	74	0.98	1	1	87	0	1	0	A
p122#10	481	G	R	83	1	1,19%	1	1	72	74	0.98	1	1	83	0	1	0	A
p122#10	486	C	Y	70	4	5,41%	1	1	72	69	0.98	1	1	70	0	4	0	T
p122#10	489	C	Y	77	3	3,75%	1	1	72	57	0.98	1	1	77	0	3	0	T
p122#10	495	G	R	86	1	1,15%	1	1	72	74	0.98	1	1	86	0	1	0	A
p122#10	497	G	R	90	1	1,1%	1	1	72	74	0.98	1	1	90	0	1	0	A
p122#10	498	A	R	98	1	1,01%	1	1	72	74	0.98	1	1	98	0	1	0	G
p122#10	507	C	Y	70	13	15,66%	1	1	71	71	0.98	1	1	70	0	13	0	T
p122#10	508	C	Y	88	3	3,3%	1	1	71	74	0.98	1	1	88	0	3	0	T
p122#10	510	G	R	88	1	1,12%	1	1	72	74	0.98	1	1	88	0	1	0	A
p122#10	514	G	R	75	6	7,41%	1	1	73	69	0.98	1	1	75	0	6	0	A
p122#10	579	C	Y	113	5	4,24%	1	1	72	63	0.98	1	1	113	0	5	0	T
p122#10	581	G	S	112	1	0,88%	1	1	72	74	0.98	1	1	112	0	1	0	C
p122#10	585	C	Y	112	2	1,75%	1	1	72	62	0.98	1	1	112	0	2	0	T
p122#10	593	C	Y	127	1	0,78%	1	1	72	74	0.98	1	1	127	0	1	0	T
p122#10	596	C	Y	132	1	0,75%	1	1	72	74	0.98	1	1	132	0	1	0	T
p122#10	598	G	R	132	1	0,75%	1	1	73	74	0.98	1	1	132	0	1	0	A
p122#10	600	C	Y	125	4	3,1%	1	1	73	74	0.98	1	1	125	0	4	0	T
p122#10	604	C	Y	118	7	5,6%	1	1	73	72	0.98	1	1	118	0	7	0	T
p122#10	610	C	Y	114	11	8,8%	1	1	72	73	0.98	1	1	114	0	11	0	T
p122#10	612	G	R	124	1	0,8%	1	1	73	74	0.98	1	1	124	0	1	0	A
p122#10	622	G	R	119	2	1,65%	1	1	73	73	0.98	1	1	119	0	2	0	A
p122#10	627	C	Y	103	9	8,04%	1	1	72	71	0.98	1	1	103	0	9	0	T
p122#10	634	C	Y	101	8	7,34%	1	1	72	72	0.98	1	1	101	0	8	0	T
p122#10	641	C	Y	98	1	1,01%	1	1	72	74	0.98	1	1	98	0	1	0	T
p122#10	645	C	Y	88	5	5,38%	1	1	73	63	0.98	1	1	88	0	5	0	T
p122#10	648	C	Y	83	10	10,75%	1	1	70	72	0.98	1	1	83	0	10	0	T
p122#10	649	C	Y	90	2	2,17%	1	1	71	74	0.98	1	1	90	0	2	0	T
p122#10	653	T	Y	92	1	1,08%	1	1	73	74	0.98	1	1	92	0	1	0	C
p122#10	663	C	Y	88	1	1,12%	1	1	73	74	0.98	1	1	88	0	1	0	T
p122#10	665	G	R	82	1	1,2%	1	1	73	74	0.98	1	1	82	0	1	0	A
p122#10	670	C	Y	65	2	2,99%	1	1	72	60	0.98	1	1	65	0	2	0	T
p122#10	675	C	Y	63	3	4,55%	1	1	72	74	0.98	1	1	63	0	3	0	T
p122#10	676	C	Y	60	1	1,64%	1	1	71	74	0.98	1	1	60	0	1	0	T
p122#10	697	C	Y	94	2	2,08%	1	1	71	74	0.98	1	1	94	0	2	0	T
p122#10	702	C	Y	120	1	0,83%	1	1	72	74	0.98	1	1	120	0	1	0	T
p122#10	711	C	Y	150	6	3,85%	1	1	73	58	0.98	1	1	150	0	6	0	T
p122#10	721	G	R	159	1	0,62%	1	1	73	48	0.98	1	1	159	0	1	0	A
p122#10	748	G	R	109	13	10,66%	1	1	73	55	0.98	1	1	109	0	13	0	A
p122#10	756	C	Y	101	3	2,88%	1	1	73	74	0.98	1	1	101	0	3	0	T
p122#10	762	C	Y	99	2	1,98%	1	1	73	74	0.98	1	1	99	0	2	0	T
p122#10	768	G	R	98	2	2%	1	1	73	74	0.98	1	1	98	0	2	0	A
p122#10	773	G	R	98	2	2%	1	1	73	68	0.98	1	1	98	0	2	0	A
p122#10	777	C	Y	90	5	5,26%	1	1	72	71	0.98	1	1	90	0	5	0	T
p122#10	792	C	Y	85	2	2,3%	1	1	73	74	0.98	1	1	85	0	2	0	T
p122#10	804	C	Y	66	2	2,94%	1	1	73	49	0.98	1	1	66	0	2	0	T
p122#10	807	C	Y	67	3	4,29%	1	1	72	74	0.98	1	1	67	0	3	0	T
p122#10	825	C	Y	52	4	7,14%	1	1	72	66	0.98	1	1	52	0	4	0	T
p122#10	826	C	Y	53	2	3,64%	1	1	70	74	0.98	1	1	53	0	2	0	T
p122#10	840	C	Y	57	10	14,93%	1	1	72	70	0.98	1	1	57	0	10	0	T
p122#10	841	C	Y	69	1	1,43%	1	1	71	74	0.98	1	1	69	0	1	0	T
p122#10	848	G	R	77	1	1,28%	1	1	73	74	0.98	1	1	77	0	1	0	A
p122#10	856	C	Y	100	3	2,91%	1	1	72	61	0.98	1	1	100	0	3	0	T
p122#10	864	C	Y	121	10	7,63%	1	1	72	69	0.98	1	1	121	0	10	0	T
p122#10	865	C	Y	131	1	0,76%	1	1	72	74	0.98	1	1	131	0	1	0	T
p122#10	868	G	R	138	2	1,43%	1	1	72	74	0.98	1	1	138	0	2	0	A
p122#10	873	C	Y	159	13	7,56%	1	1	73	65	0.98	1	1	159	0	13	0	T
p122#10	909	T	Y	155	1	0,64%	1	1	72	74	0.98	1	1	155	0	1	0	C
p122#10	920	G	R	153	1	0,65%	1	1	73	74	0.98	1	1	153	0	1	0	A
p122#10	930	C	Y	146	1	0,68%	1	1	73	74	0.98	1	1	146	0	1	0	T
p122#10	967	C	Y	115	4	3,36%	1	1	73	74	0.98	1	1	115	0	4	0	T
p122#10	979	C	Y	115	4	3,36%	1	1	73	74	0.98	1	1	115	0	4	0	T
p122#10	990	C	Y	121	6	4,72%	1	1	72	72	0.98	1	1	121	0	6	0	T
p122#10	994	C	Y	149	1	0,67%	1	1	72	74	0.98	1	1	149	0	1	0	T
p122#10	1005	C	Y	127	9	6,62%	1	1	72	69	0.98	1	1	127	0	9	0	T
p122#10	1011	C	Y	106	7	6,19%	1	1	72	72	0.98	1	1	106	0	7	0	T
p122#10	1013	C	Y	119	1	0,83%	1	1	72	74	0.98	1	1	119	0	1	0	T
p122#10	1017	C	Y	120	16	11,76%	1	1	71	71	0.98	1	1	120	0	16	0	T
p122#10	1018	G	R	133	1	0,75%	1	1	73	74	0.98	1	1	133	0	1	0	A
p122#10	1023	C	Y	143	2	1,38%	1	1	72	74	0.98	1	1	143	0	2	0	T
p122#10	1029	C	Y	137	1	0,72%	1	1	73	59	0.98	1	1	137	0	1	0	T
p122#10	1034	C	Y	154	1	0,65%	1	1	72	74	0.98	1	1	154	0	1	0	T
p122#10	1050	C	Y	87	22	20,18%	1	1	72	74	0.98	1	1	87	0	22	0	T
p122#10	1056	G	R	102	1	0,97%	1	1	72	74	0.98	1	1	102	0	1	0	A
p122#10	1063	G	R	112	1	0,88%	1	1	73	74	0.98	1	1	112	0	1	0	A
p122#10	1081	G	R	101	1	0,98%	1	1	73	74	0.98	1	1	101	0	1	0	A
p122#10	1084	G	R	97	2	2,02%	1	1	73	74	0.98	1	1	97	0	2	0	A
p122#10	1098	C	Y	84	3	3,45%	1	1	72	61	0.98	1	1	84	0	3	0	T
p122#10	1101	C	Y	70	2	2,78%	1	1	72	74	0.98	1	1	70	0	2	0	T
p122#10	1104	C	Y	66	2	2,94%	1	1	72	74	0.98	1	1	66	0	2	0	T
p122#10	1122	C	Y	61	3	4,69%	1	1	72	74	0.98	1	1	61	0	3	0	T
p122#10	1128	C	Y	62	1	1,59%	1	1	73	74	0.98	1	1	62	0	1	0	T
p122#10	1167	C	Y	92	1	1,08%	1	1	72	74	0.98	1	1	92	0	1	0	T
p122#10	1207	C	Y	69	1	1,43%	1	1	71	60	0.98	1	1	69	0	1	0	T
p122#10	1213	C	Y	71	1	1,39%	1	1	72	74	0.98	1	1	71	0	1	0	T
p122#10	1219	G	R	101	1	0,98%	1	1	72	60	0.98	1	1	101	0	1	0	A
p122#10	1231	G	R	115	2	1,71%	1	1	73	68	0.98	1	1	115	0	2	0	A
p122#10	1243	C	Y	103	1	0,96%	1	1	73	74	0.98	1	1	103	0	1	0	T
p122#10	1251	C	Y	92	1	1,08%	1	1	73	74	0.98	1	1	92	0	1	0	T
p122#10	1258	C	Y	97	4	3,96%	1	1	72	74	0.98	1	1	97	0	4	0	T
p122#10	1270	G	R	97	2	2,02%	1	1	73	61	0.98	1	1	97	0	2	0	A
p122#10	1276	G	R	95	1	1,04%	1	1	73	74	0.98	1	1	95	0	1	0	A
p122#10	1287	C	Y	104	1	0,95%	1	1	72	74	0.98	1	1	104	0	1	0	T
p122#10	1311	C	Y	124	3	2,36%	1	1	72	70	0.98	1	1	124	0	3	0	T
p122#10	1335	C	Y	132	2	1,49%	1	1	72	67	0.98	1	1	132	0	2	0	T
p122#10	1399	C	Y	74	3	3,9%	1	1	72	74	0.98	1	1	74	0	3	0	T
p122#10	1422	C	Y	69	4	5,48%	1	1	73	74	0.98	1	1	69	0	4	0	T
p122#10	1427	C	Y	70	3	4,11%	1	1	72	61	0.98	1	1	70	0	3	0	T
p122#10	1461	G	R	96	1	1,03%	1	1	72	48	0.98	1	1	96	0	1	0	A
p122#10	1504	G	R	136	1	0,73%	1	1	73	74	0.98	1	1	136	0	1	0	A
p122#10	1519	G	R	149	1	0,67%	1	1	70	47	0.98	1	1	149	0	1	0	A
p122#10	1539	C	Y	119	4	3,25%	1	1	71	68	0.98	1	1	119	0	4	0	T
p122#10	1545	G	R	111	1	0,89%	1	1	71	48	0.98	1	1	111	0	1	0	A
p122#10	1554	C	Y	85	1	1,16%	1	1	72	74	0.98	1	1	85	0	1	0	T
p122#10	1560	C	Y	66	1	1,49%	1	1	69	74	0.98	1	1	66	0	1	0	T
p122#10	1605	C	Y	66	1	1,49%	1	1	70	74	0.98	1	1	66	0	1	0	T
p122#10	1610	C	Y	65	2	2,99%	1	1	70	74	0.98	1	1	65	0	2	0	T
p122#10	1635	T	Y	71	1	1,39%	1	1	67	74	0.98	1	1	71	0	1	0	C
p122#10	1649	G	R	73	1	1,35%	1	1	70	74	0.98	1	1	73	0	1	0	A
p122#10	1665	C	Y	75	3	3,85%	1	1	72	74	0.98	1	1	75	0	3	0	T
p122#10	1671	C	Y	81	5	5,81%	1	1	72	68	0.98	1	1	81	0	5	0	T
p122#10	1699	C	Y	68	3	4,23%	1	1	73	74	0.98	1	1	68	0	3	0	T
p122#10	1717	C	Y	55	4	6,78%	1	1	73	54	0.98	1	1	55	0	4	0	T
p122#10	1759	G	R	137	1	0,72%	1	1	73	74	0.98	1	1	137	0	1	0	A
p122#10	1767	C	Y	122	1	0,81%	1	1	73	48	0.98	1	1	122	0	1	0	T
p122#10	1784	C	Y	124	5	3,88%	1	1	72	74	0.98	1	1	124	0	5	0	T
p122#10	1793	C	Y	129	3	2,26%	1	1	73	72	0.98	1	1	129	0	3	0	T
p122#10	1801	C	Y	113	5	4,24%	1	1	73	74	0.98	1	1	113	0	5	0	T
p122#10	1827	C	Y	109	1	0,91%	1	1	71	74	0.98	1	1	109	0	1	0	T
p122#10	1892	G	R	62	1	1,59%	1	1	71	74	0.98	1	1	62	0	1	0	A
p122#10	1925	C	Y	71	4	5,33%	1	1	71	74	0.98	1	1	71	0	4	0	T
p122#10	1936	C	Y	80	2	2,44%	1	1	72	74	0.98	1	1	80	0	2	0	T
p122#10	1948	C	Y	67	1	1,47%	1	1	72	44	0.98	1	1	67	0	1	0	T
p122#10	1954	C	Y	66	1	1,49%	1	1	73	74	0.98	1	1	66	0	1	0	T
p122#10	1979	G	R	66	2	2,78%	1	1	72	62	0.98	1	1	66	0	2	0	A
p122#10	1986	G	R	59	1	1,67%	1	1	71	74	0.98	1	1	59	0	1	0	A
p122#10	1989	G	R	59	1	1,67%	1	1	73	48	0.98	1	1	59	0	1	0	A
p122#10	1996	A	R	62	1	1,59%	1	1	73	45	0.98	1	1	62	0	1	0	G
p122#10	2002	C	Y	59	3	4,84%	1	1	72	74	0.98	1	1	59	0	3	0	T
p122#10	2010	C	Y	74	1	1,33%	1	1	72	62	0.98	1	1	74	0	1	0	T
p122#10	2016	C	Y	85	3	3,41%	1	1	73	74	0.98	1	1	85	0	3	0	T
p122#10	2021	T	Y	81	1	1,22%	1	1	71	74	0.98	1	1	81	0	1	0	C
p122#10	2026	C	Y	74	1	1,33%	1	1	71	74	0.98	1	1	74	0	1	0	T
p122#10	2050	C	Y	127	3	2,31%	1	1	72	68	0.98	1	1	127	0	3	0	T
p122#10	2062	C	Y	198	6	2,94%	1	1	72	72	0.98	1	1	198	0	6	0	T
p122#10	2063	A	W	203	1	0,49%	1	1	71	54	0.98	1	1	203	0	1	0	T
p122#10	2068	G	R	202	2	0,98%	1	1	72	74	0.98	1	1	202	0	2	0	A
p122#10	2073	G	K	177	1	0,56%	1	1	71	74	0.98	1	1	177	0	1	0	T
p122#10	2098	G	R	131	1	0,76%	1	1	72	74	0.98	1	1	131	0	1	0	A
p122#10	2101	C	Y	125	4	3,1%	1	1	73	74	0.98	1	1	125	0	4	0	T
p122#10	2116	G	R	115	1	0,86%	1	1	73	48	0.98	1	1	115	0	1	0	A
p122#10	2123	A	R	103	1	0,96%	1	1	72	74	0.98	1	1	103	0	1	0	G
p122#10	2127	C	Y	105	1	0,94%	1	1	72	74	0.98	1	1	105	0	1	0	T
p122#10	2137	C	Y	103	1	0,96%	1	1	73	74	0.98	1	1	103	0	1	0	T
p122#10	2139	C	Y	106	2	1,85%	1	1	73	74	0.98	1	1	106	0	2	0	T
p122#10	2151	G	R	84	1	1,18%	1	1	72	74	0.98	1	1	84	0	1	0	A
p122#10	2154	C	Y	79	1	1,25%	1	1	72	74	0.98	1	1	79	0	1	0	T
p122#10	2158	G	R	72	1	1,37%	1	1	73	74	0.98	1	1	72	0	1	0	A
p122#10	2167	C	Y	77	1	1,28%	1	1	73	74	0.98	1	1	77	0	1	0	T
p122#10	2185	C	Y	68	2	2,86%	1	1	72	74	0.98	1	1	68	0	2	0	T
p122#10	2207	T	Y	54	1	1,82%	1	1	70	74	0.98	1	1	54	0	1	0	C
p122#10	2231	C	Y	102	2	1,92%	1	1	72	74	0.98	1	1	102	0	2	0	T
p122#10	2263	C	Y	95	1	1,04%	1	1	73	74	0.98	1	1	95	0	1	0	T
p122#10	2279	C	Y	81	1	1,22%	1	1	73	62	0.98	1	1	81	0	1	0	T
p122#10	2281	C	Y	97	2	2,02%	1	1	73	55	0.98	1	1	97	0	2	0	T
p122#10	2310	C	Y	66	2	2,94%	1	1	72	74	0.98	1	1	66	0	2	0	T
p122#10	2323	C	Y	67	1	1,47%	1	1	73	74	0.98	1	1	67	0	1	0	T
p122#10	2327	C	Y	61	1	1,61%	1	1	73	74	0.98	1	1	61	0	1	0	T
p122#10	2337	G	R	60	1	1,64%	1	1	73	74	0.98	1	1	60	0	1	0	A
p122#10	2338	A	R	60	1	1,64%	1	1	73	74	0.98	1	1	60	0	1	0	G
p122#10	2394	C	Y	90	1	1,1%	1	1	71	74	0.98	1	1	90	0	1	0	T
p122#10	2412	C	Y	88	4	4,3%	1	1	73	71	0.98	1	1	88	0	4	0	T
p122#10	2458	C	Y	92	2	2,13%	1	1	72	66	0.98	1	1	92	0	2	0	T
p122#10	2467	C	Y	79	3	3,66%	1	1	73	74	0.98	1	1	79	0	3	0	T
p122#10	2476	C	Y	73	2	2,67%	1	1	73	58	0.98	1	1	73	0	2	0	T
p122#10	2585	C	Y	76	1	1,3%	1	1	73	74	0.98	1	1	76	0	1	0	T
p122#10	2587	C	Y	74	2	2,63%	1	1	73	74	0.98	1	1	74	0	2	0	T
p122#10	2594	C	Y	81	2	2,41%	1	1	73	74	0.98	1	1	81	0	2	0	T
p122#10	2611	G	R	68	1	1,45%	1	1	71	74	0.98	1	1	68	0	1	0	A
p122#10	2647	C	Y	79	1	1,25%	1	1	72	74	0.98	1	1	79	0	1	0	T
p122#10	2654	C	Y	93	1	1,06%	1	1	73	62	0.98	1	1	93	0	1	0	T
p122#10	2683	G	R	166	1	0,6%	1	1	72	74	0.98	1	1	166	0	1	0	A
p122#10	2690	C	Y	162	1	0,61%	1	1	71	74	0.98	1	1	162	0	1	0	T
p122#10	2753	C	Y	111	3	2,63%	1	1	72	70	0.98	1	1	111	0	3	0	T
p122#10	2760	C	Y	97	2	2,02%	1	1	73	74	0.98	1	1	97	0	2	0	T
p122#10	2782	A	R	90	1	1,1%	1	1	71	74	0.98	1	1	90	0	1	0	G
p122#10	2823	G	R	60	1	1,64%	1	1	72	45	0.98	1	1	60	0	1	0	A
p122#10	2864	C	Y	76	1	1,3%	1	1	72	48	0.98	1	1	76	0	1	0	T
p122#10	2865	C	Y	74	1	1,33%	1	1	71	74	0.98	1	1	74	0	1	0	T
p122#10	2894	A	R	50	1	1,96%	1	1	69	62	0.98	1	1	50	0	1	0	G
p122#10	2900	A	R	50	1	1,96%	1	1	72	74	0.98	1	1	50	0	1	0	G
p122#10	2904	G	R	47	1	2,08%	1	1	73	55	0.98	1	1	47	0	1	0	A
p122#10	2939	C	Y	61	2	3,17%	1	1	72	74	0.98	1	1	61	0	2	0	T
p122#10	2978	C	Y	130	5	3,7%	1	1	72	63	0.98	1	1	130	0	5	0	T
p122#10	3006	C	Y	156	3	1,89%	1	1	72	65	0.98	1	1	156	0	3	0	T
p122#10	3028	C	Y	134	3	2,19%	1	1	68	74	0.98	1	1	134	0	3	0	T
p122#10	3071	C	Y	97	1	1,02%	1	1	70	62	0.98	1	1	97	0	1	0	T
p122#10	3084	G	R	79	1	1,25%	1	1	70	74	0.98	1	1	79	0	1	0	A
p122#10	3105	C	Y	81	1	1%	1	1	69	62	0.98	1	1	81	0	1	0	T
p122#10	3139	T	Y	89	1	1,11%	1	1	69	62	0.98	1	1	89	0	1	0	C
p122#10	3187	G	R	59	1	1,67%	1	1	71	74	0.98	1	1	59	0	1	0	A
p122#10	3272	C	Y	80	1	1,23%	1	1	59	62	0.98	1	1	80	0	1	0	T
p122#10	3274	C	Y	99	1	0,98%	1	1	66	74	0.98	1	1	99	0	1	0	T
p122#10	3282	C	Y	96	1	1,03%	1	1	63	74	0.98	1	1	96	0	1	0	T
p122#10	3314	C	Y	76	1	1,3%	1	1	62	74	0.98	1	1	76	0	1	0	T
p122#10	3358	A	M	42	1	2,33%	1	1	69	74	0.98	1	1	42	0	1	0	C
p122#10	3432	T	Y	52	1	1,89%	1	1	72	74	0.98	1	1	52	0	1	0	C
p122#10	3694	G	R	84	1	1,18%	1	1	73	74	0.98	1	1	84	0	1	0	A
p122#10	3718	A	R	90	1	1,1%	1	1	72	74	0.98	1	1	90	0	1	0	G
p122#10	3721	G	R	87	1	1,14%	1	1	71	74	0.98	1	1	87	0	1	0	A
p122#10	3927	C	Y	125	1	0,79%	1	1	72	74	0.98	1	1	125	0	1	0	T
p122#10	3931	C	Y	126	1	0,79%	1	1	72	74	0.98	1	1	126	0	1	0	T
p122#10	3970	C	Y	172	1	0,58%	1	1	72	74	0.98	1	1	172	0	1	0	T
p122#10	4026	G	R	390	1	0,26%	1	1	73	74	0.98	1	1	390	0	1	0	A
