Chrom	Position	Ref	Cons	Reads1	Reads2	VarFreq	Strands1	Strands2	Qual1	Qual2	Pvalue	MapQual1	MapQual2	Reads1Plus	Reads1Minus	Reads2Plus	Reads2Minus	VarAllele
p122#10	113	G	R	52	1	1,89%	1	1	69	74	0.98	1	1	52	0	1	0	A
p122#10	131	C	Y	55	1	1,79%	1	1	72	74	0.98	1	1	55	0	1	0	T
p122#10	233	G	R	64	2	3,03%	1	1	67	65	0.98	1	1	64	0	2	0	A
p122#10	241	C	Y	99	1	1%	1	1	69	74	0.98	1	1	99	0	1	0	T
p122#10	250	G	R	130	1	0,76%	1	1	69	74	0.98	1	1	130	0	1	0	A
p122#10	251	G	R	140	1	0,71%	1	1	70	74	0.98	1	1	140	0	1	0	A
p122#10	254	C	Y	138	1	0,72%	1	1	67	74	0.98	1	1	138	0	1	0	T
p122#10	255	G	R	132	12	8,33%	1	1	71	70	0.98	1	1	132	0	12	0	A
p122#10	257	G	R	144	1	0,69%	1	1	67	74	0.98	1	1	144	0	1	0	A
p122#10	267	G	R	134	2	1,47%	1	1	66	61	0.98	1	1	134	0	2	0	A
p122#10	268	C	Y	133	1	0,75%	1	1	71	74	0.98	1	1	133	0	1	0	T
p122#10	283	G	R	81	5	5,75%	1	1	70	63	0.98	1	1	81	0	5	0	A
p122#10	297	G	R	56	1	1,75%	1	1	71	74	0.98	1	1	56	0	1	0	A
p122#10	299	G	R	54	1	1,82%	1	1	71	74	0.98	1	1	54	0	1	0	A
p122#10	328	C	Y	29	1	3,33%	1	1	71	74	0.98	1	1	29	0	1	0	T
p122#10	331	C	Y	25	1	3,85%	1	1	72	74	0.98	1	1	25	0	1	0	T
p122#10	333	G	R	22	3	12%	1	1	69	74	0.98	1	1	22	0	3	0	A
p122#10	380	G	R	28	1	3,45%	1	1	72	74	0.98	1	1	28	0	1	0	A
p122#10	395	G	S	41	1	2,38%	1	1	72	62	0.98	1	1	41	0	1	0	C
p122#10	396	A	R	41	1	2,38%	1	1	71	74	0.98	1	1	41	0	1	0	G
p122#10	397	C	S	39	1	2,5%	1	1	70	74	0.98	1	1	39	0	1	0	G
p122#10	418	C	Y	76	1	1,3%	1	1	72	74	0.98	1	1	76	0	1	0	T
p122#10	423	C	Y	59	10	14,49%	1	1	72	70	0.98	1	1	59	0	10	0	T
p122#10	426	C	Y	60	4	6,25%	1	1	71	74	0.98	1	1	60	0	4	0	T
p122#10	427	C	Y	61	1	1,61%	1	1	73	74	0.98	1	1	61	0	1	0	T
p122#10	432	C	Y	52	4	7,14%	1	1	72	74	0.98	1	1	52	0	4	0	T
p122#10	434	C	Y	50	2	3,85%	1	1	72	68	0.98	1	1	50	0	2	0	T
p122#10	435	C	Y	19	33	63,46%	1	1	72	69	0.98	1	1	19	0	33	0	T
p122#10	447	G	R	39	1	2,5%	1	1	71	74	0.98	1	1	39	0	1	0	A
p122#10	453	C	Y	25	10	28,57%	1	1	71	74	0.98	1	1	25	0	10	0	T
p122#10	456	C	Y	34	1	2,86%	1	1	73	74	0.98	1	1	34	0	1	0	T
p122#10	462	C	Y	22	7	24,14%	1	1	71	74	0.98	1	1	22	0	7	0	T
p122#10	471	C	Y	19	7	26,92%	1	1	72	74	0.98	1	1	19	0	7	0	T
p122#10	489	C	Y	17	3	15%	1	1	71	74	0.98	1	1	17	0	3	0	T
p122#10	507	C	Y	10	1	9,09%	1	1	73	74	0.98	1	1	10	0	1	0	T
p122#10	508	C	Y	9	1	10%	1	1	74	74	0.98	1	1	9	0	1	0	T
p122#10	514	G	R	8	1	11,11%	1	1	74	74	0.98	1	1	8	0	1	0	A
p122#10	531	C	Y	31	1	3,12%	1	1	71	74	0.98	1	1	31	0	1	0	T
p122#10	534	C	Y	45	8	15,09%	1	1	70	72	0.98	1	1	45	0	8	0	T
p122#10	535	C	Y	56	6	9,68%	1	1	71	68	0.98	1	1	56	0	6	0	T
p122#10	538	C	Y	67	2	2,9%	1	1	72	74	0.98	1	1	67	0	2	0	T
p122#10	546	C	Y	85	3	3,41%	1	1	70	67	0.98	1	1	85	0	3	0	T
p122#10	547	C	Y	71	26	26,53%	1	1	72	71	0.98	1	1	71	0	26	0	T
p122#10	549	G	R	91	1	1,06%	1	1	73	62	0.98	1	1	91	0	1	0	A
p122#10	558	C	Y	104	1	0,95%	1	1	71	74	0.98	1	1	104	0	1	0	T
p122#10	565	G	R	118	1	0,84%	1	1	72	74	0.98	1	1	118	0	1	0	A
p122#10	568	G	R	118	2	1,67%	1	1	71	69	0.98	1	1	118	0	2	0	A
p122#10	576	C	Y	88	3	3,3%	1	1	72	74	0.98	1	1	88	0	3	0	T
p122#10	579	C	Y	33	46	58,23%	1	1	73	70	0.98	1	1	33	0	46	0	T
p122#10	582	C	Y	64	7	9,86%	1	1	71	69	0.98	1	1	64	0	7	0	T
p122#10	585	C	Y	51	8	13,56%	1	1	73	74	0.98	1	1	51	0	8	0	T
p122#10	586	G	R	58	1	1,69%	1	1	72	74	0.98	1	1	58	0	1	0	A
p122#10	594	C	Y	44	4	8,33%	1	1	71	71	0.98	1	1	44	0	4	0	T
p122#10	597	C	Y	39	4	9,3%	1	1	72	74	0.98	1	1	39	0	4	0	T
p122#10	600	C	Y	36	3	7,69%	1	1	73	69	0.98	1	1	36	0	3	0	T
p122#10	604	C	Y	27	9	25%	1	1	72	72	0.98	1	1	27	0	9	0	T
p122#10	606	G	R	35	1	2,78%	1	1	71	74	0.98	1	1	35	0	1	0	A
p122#10	610	C	Y	23	13	36,11%	1	1	72	71	0.98	1	1	23	0	13	0	T
p122#10	614	C	Y	29	2	6,45%	1	1	73	74	0.98	1	1	29	0	2	0	T
p122#10	622	G	R	28	1	3,45%	1	1	73	74	0.98	1	1	28	0	1	0	A
p122#10	627	C	Y	21	5	19,23%	1	1	74	68	0.98	1	1	21	0	5	0	T
p122#10	630	C	Y	23	1	4,17%	1	1	73	74	0.98	1	1	23	0	1	0	T
p122#10	634	C	Y	11	12	52,17%	1	1	71	74	0.98	1	1	11	0	12	0	T
p122#10	642	C	Y	20	4	16,67%	1	1	72	74	0.98	1	1	20	0	4	0	T
p122#10	645	C	Y	25	5	16,67%	1	1	72	68	0.98	1	1	25	0	5	0	T
p122#10	648	C	Y	13	16	55,17%	1	1	73	72	0.98	1	1	13	0	16	0	T
p122#10	649	C	Y	15	14	48,28%	1	1	72	73	0.98	1	1	15	0	14	0	T
p122#10	655	C	Y	28	1	3,45%	1	1	73	74	0.98	1	1	28	0	1	0	T
p122#10	659	C	Y	28	2	6,67%	1	1	73	74	0.98	1	1	28	0	2	0	T
p122#10	660	G	R	28	1	3,45%	1	1	72	62	0.98	1	1	28	0	1	0	A
p122#10	663	C	Y	16	16	50%	1	1	71	63	0.98	1	1	16	0	16	0	T
p122#10	670	C	Y	22	2	8,33%	1	1	74	74	0.98	1	1	22	0	2	0	T
p122#10	675	C	Y	27	3	10%	1	1	72	68	0.98	1	1	27	0	3	0	T
p122#10	677	C	Y	31	3	8,82%	1	1	71	70	0.98	1	1	31	0	3	0	T
p122#10	682	C	Y	27	1	3,57%	1	1	70	74	0.98	1	1	27	0	1	0	T
p122#10	694	C	Y	57	2	3,39%	1	1	70	60	0.98	1	1	57	0	2	0	T
p122#10	697	C	Y	75	3	3,85%	1	1	71	66	0.98	1	1	75	0	3	0	T
p122#10	702	C	Y	66	10	13,16%	1	1	71	72	0.98	1	1	66	0	10	0	T
p122#10	703	C	Y	38	41	51,9%	1	1	71	70	0.98	1	1	38	0	41	0	T
p122#10	704	G	R	84	1	1,18%	1	1	70	74	0.98	1	1	84	0	1	0	A
p122#10	705	G	R	82	1	1,2%	1	1	71	74	0.98	1	1	82	0	1	0	A
p122#10	707	C	Y	86	1	1,15%	1	1	72	74	0.98	1	1	86	0	1	0	T
p122#10	708	C	Y	82	1	1,2%	1	1	73	74	0.98	1	1	82	0	1	0	T
p122#10	711	C	Y	63	25	28,41%	1	1	73	70	0.98	1	1	63	0	25	0	T
p122#10	713	G	R	82	9	9,89%	1	1	73	72	0.98	1	1	82	0	9	0	A
p122#10	715	C	Y	87	8	8,42%	1	1	73	72	0.98	1	1	87	0	8	0	T
p122#10	716	G	R	92	1	1,08%	1	1	72	74	0.98	1	1	92	0	1	0	A
p122#10	717	G	R	94	1	1,05%	1	1	72	62	0.98	1	1	94	0	1	0	A
p122#10	721	G	R	92	1	1,08%	1	1	72	48	0.98	1	1	92	0	1	0	A
p122#10	724	G	R	84	1	1,18%	1	1	72	74	0.98	1	1	84	0	1	0	A
p122#10	728	C	Y	66	3	4,35%	1	1	72	74	0.98	1	1	66	0	3	0	T
p122#10	729	C	Y	59	5	7,81%	1	1	72	71	0.98	1	1	59	0	5	0	T
p122#10	731	C	Y	60	5	7,69%	1	1	72	74	0.98	1	1	60	0	5	0	T
p122#10	733	C	Y	59	3	4,84%	1	1	71	74	0.98	1	1	59	0	3	0	T
p122#10	735	G	R	57	1	1,72%	1	1	73	74	0.98	1	1	57	0	1	0	A
p122#10	748	G	R	42	1	2,33%	1	1	72	74	0.98	1	1	42	0	1	0	A
p122#10	756	C	Y	26	6	18,75%	1	1	72	66	0.98	1	1	26	0	6	0	T
p122#10	759	C	Y	28	3	9,68%	1	1	70	70	0.98	1	1	28	0	3	0	T
p122#10	762	C	Y	29	2	6,45%	1	1	72	61	0.98	1	1	29	0	2	0	T
p122#10	766	C	Y	26	2	7,14%	1	1	73	74	0.98	1	1	26	0	2	0	T
p122#10	777	C	Y	24	1	4%	1	1	73	74	0.98	1	1	24	0	1	0	T
p122#10	792	C	Y	20	1	4,76%	1	1	72	74	0.98	1	1	20	0	1	0	T
p122#10	798	C	Y	22	1	4,35%	1	1	72	74	0.98	1	1	22	0	1	0	T
p122#10	801	C	Y	18	4	18,18%	1	1	72	73	0.98	1	1	18	0	4	0	T
p122#10	804	C	Y	17	4	19,05%	1	1	73	69	0.98	1	1	17	0	4	0	T
p122#10	807	C	Y	11	5	31,25%	1	1	72	73	0.98	1	1	11	0	5	0	T
p122#10	808	G	R	15	1	6,25%	1	1	72	48	0.98	1	1	15	0	1	0	A
p122#10	814	C	Y	13	3	18,75%	1	1	73	70	0.98	1	1	13	0	3	0	T
p122#10	819	C	Y	15	2	11,76%	1	1	71	74	0.98	1	1	15	0	2	0	T
p122#10	825	C	Y	13	2	13,33%	1	1	72	74	0.98	1	1	13	0	2	0	T
p122#10	826	C	Y	14	1	6,67%	1	1	71	70	0.98	1	1	14	0	1	0	T
p122#10	832	G	R	20	1	4,76%	1	1	70	74	0.98	1	1	20	0	1	0	A
p122#10	840	C	T	6	20	76,92%	1	1	63	67	0.98	1	1	6	0	20	0	T
p122#10	841	C	Y	30	5	14,29%	1	1	64	71	0.98	1	1	30	0	5	0	T
p122#10	850	C	Y	38	2	5%	1	1	73	45	0.98	1	1	38	0	2	0	T
p122#10	856	C	Y	49	4	7,55%	1	1	72	73	0.98	1	1	49	0	4	0	T
p122#10	858	G	R	52	1	1,89%	1	1	71	74	0.98	1	1	52	0	1	0	A
p122#10	864	C	Y	70	3	4,11%	1	1	72	74	0.98	1	1	70	0	3	0	T
p122#10	865	C	Y	69	5	6,76%	1	1	72	68	0.98	1	1	69	0	5	0	T
p122#10	866	G	R	73	1	1,35%	1	1	72	74	0.98	1	1	73	0	1	0	A
p122#10	873	C	Y	50	15	23,08%	1	1	73	66	0.98	1	1	50	0	15	0	T
p122#10	876	C	Y	65	1	1,52%	1	1	72	74	0.98	1	1	65	0	1	0	T
p122#10	877	C	Y	51	13	20,31%	1	1	73	73	0.98	1	1	51	0	13	0	T
p122#10	879	G	R	59	1	1,67%	1	1	72	62	0.98	1	1	59	0	1	0	A
p122#10	888	C	Y	41	4	8,89%	1	1	73	74	0.98	1	1	41	0	4	0	T
p122#10	892	C	Y	32	7	17,95%	1	1	72	72	0.98	1	1	32	0	7	0	T
p122#10	902	C	Y	31	1	3,12%	1	1	73	62	0.98	1	1	31	0	1	0	T
p122#10	903	C	Y	29	4	12,12%	1	1	73	67	0.98	1	1	29	0	4	0	T
p122#10	907	C	Y	26	2	7,14%	1	1	73	68	0.98	1	1	26	0	2	0	T
p122#10	916	C	Y	27	3	10%	1	1	73	74	0.98	1	1	27	0	3	0	T
p122#10	930	C	Y	27	1	3,57%	1	1	72	74	0.98	1	1	27	0	1	0	T
p122#10	932	C	Y	26	2	7,14%	1	1	73	74	0.98	1	1	26	0	2	0	T
p122#10	936	C	Y	21	5	19,23%	1	1	71	65	0.98	1	1	21	0	5	0	T
p122#10	940	C	Y	33	2	5,71%	1	1	71	74	0.98	1	1	33	0	2	0	T
p122#10	943	C	Y	40	2	4,76%	1	1	73	68	0.98	1	1	40	0	2	0	T
p122#10	946	C	Y	44	1	2,22%	1	1	73	45	0.98	1	1	44	0	1	0	T
p122#10	948	G	R	41	1	2,38%	1	1	73	74	0.98	1	1	41	0	1	0	A
p122#10	967	C	Y	17	15	46,88%	1	1	72	66	0.98	1	1	17	0	15	0	T
p122#10	975	C	Y	42	12	22,22%	1	1	71	71	0.98	1	1	42	0	12	0	T
p122#10	976	G	R	54	1	1,82%	1	1	70	48	0.98	1	1	54	0	1	0	A
p122#10	990	C	Y	53	24	31,17%	1	1	72	67	0.98	1	1	53	0	24	0	T
p122#10	994	C	Y	82	9	9,89%	1	1	73	66	0.98	1	1	82	0	9	0	T
p122#10	998	C	Y	76	5	6,17%	1	1	72	74	0.98	1	1	76	0	5	0	T
p122#10	1005	C	Y	77	24	23,76%	1	1	72	67	0.98	1	1	77	0	24	0	T
p122#10	1008	C	Y	102	1	0,96%	1	1	72	74	0.98	1	1	102	0	1	0	T
p122#10	1011	C	Y	61	39	39%	1	1	72	68	0.98	1	1	61	0	39	0	T
p122#10	1014	C	Y	113	1	0,88%	1	1	71	74	0.98	1	1	113	0	1	0	T
p122#10	1017	C	Y	42	57	57,58%	1	1	71	69	0.98	1	1	42	0	57	0	T
p122#10	1018	G	R	97	5	4,9%	1	1	71	74	0.98	1	1	97	0	5	0	A
p122#10	1023	C	Y	58	38	39,58%	1	1	71	70	0.98	1	1	58	0	38	0	T
p122#10	1029	C	Y	58	27	31,76%	1	1	73	72	0.98	1	1	58	0	27	0	T
p122#10	1032	G	R	70	2	2,78%	1	1	73	74	0.98	1	1	70	0	2	0	A
p122#10	1035	C	Y	57	6	9,52%	1	1	70	68	0.98	1	1	57	0	6	0	T
p122#10	1036	G	R	61	1	1,61%	1	1	73	74	0.98	1	1	61	0	1	0	A
p122#10	1041	C	Y	42	13	23,64%	1	1	73	71	0.98	1	1	42	0	13	0	T
p122#10	1050	C	Y	29	10	25,64%	1	1	72	72	0.98	1	1	29	0	10	0	T
p122#10	1051	C	Y	34	4	10,53%	1	1	71	71	0.98	1	1	34	0	4	0	T
p122#10	1059	C	Y	22	1	4,35%	1	1	72	74	0.98	1	1	22	0	1	0	T
p122#10	1067	C	Y	13	9	40,91%	1	1	73	69	0.98	1	1	13	0	9	0	T
p122#10	1069	C	Y	20	1	4,76%	1	1	73	74	0.98	1	1	20	0	1	0	T
p122#10	1077	C	Y	18	1	5,26%	1	1	71	74	0.98	1	1	18	0	1	0	T
p122#10	1098	C	Y	13	2	13,33%	1	1	70	58	0.98	1	1	13	0	2	0	T
p122#10	1101	C	Y	13	2	13,33%	1	1	71	74	0.98	1	1	13	0	2	0	T
p122#10	1104	C	Y	12	2	14,29%	1	1	70	64	0.98	1	1	12	0	2	0	T
p122#10	1116	C	Y	11	1	8,33%	1	1	68	74	0.98	1	1	11	0	1	0	T
p122#10	1117	C	Y	9	1	10%	1	1	74	47	0.98	1	1	9	0	1	0	T
p122#10	1122	C	Y	13	1	7,14%	1	1	71	63	0.98	1	1	13	0	1	0	T
p122#10	1126	C	Y	15	1	6,25%	1	1	69	74	0.98	1	1	15	0	1	0	T
p122#10	1128	C	Y	11	2	15,38%	1	1	71	58	0.98	1	1	11	0	2	0	T
p122#10	1129	C	Y	11	1	8,33%	1	1	71	55	0.98	1	1	11	0	1	0	T
p122#10	1138	C	Y	16	1	5,88%	1	1	72	62	0.98	1	1	16	0	1	0	T
p122#10	1146	C	Y	29	1	3,33%	1	1	71	62	0.98	1	1	29	0	1	0	T
p122#10	1167	C	Y	68	1	1,45%	1	1	72	74	0.98	1	1	68	0	1	0	T
p122#10	1168	C	Y	71	2	2,7%	1	1	72	74	0.98	1	1	71	0	2	0	T
p122#10	1174	C	Y	75	1	1,32%	1	1	71	74	0.98	1	1	75	0	1	0	T
p122#10	1182	C	Y	49	10	16,95%	1	1	72	68	0.98	1	1	49	0	10	0	T
p122#10	1189	C	Y	49	1	2%	1	1	72	74	0.98	1	1	49	0	1	0	T
p122#10	1196	C	Y	40	5	11,11%	1	1	68	71	0.98	1	1	40	0	5	0	T
p122#10	1197	C	Y	33	10	23,26%	1	1	72	70	0.98	1	1	33	0	10	0	T
p122#10	1207	C	Y	29	1	3,33%	1	1	72	74	0.98	1	1	29	0	1	0	T
p122#10	1209	G	R	25	1	3,85%	1	1	73	74	0.98	1	1	25	0	1	0	A
p122#10	1213	C	Y	23	2	8%	1	1	73	74	0.98	1	1	23	0	2	0	T
p122#10	1240	G	R	17	1	5,56%	1	1	73	74	0.98	1	1	17	0	1	0	A
p122#10	1251	C	Y	8	7	46,67%	1	1	72	67	0.98	1	1	8	0	7	0	T
p122#10	1258	C	Y	7	7	50%	1	1	74	74	0.98	1	1	7	0	7	0	T
p122#10	1260	C	Y	14	2	12,5%	1	1	73	74	0.98	1	1	14	0	2	0	T
p122#10	1280	C	Y	42	3	6,67%	1	1	73	64	0.98	1	1	42	0	3	0	T
p122#10	1283	C	Y	40	2	4,76%	1	1	72	74	0.98	1	1	40	0	2	0	T
p122#10	1287	C	Y	39	4	9,3%	1	1	73	67	0.98	1	1	39	0	4	0	T
p122#10	1290	C	Y	41	2	4,65%	1	1	73	74	0.98	1	1	41	0	2	0	T
p122#10	1294	C	Y	46	1	2,13%	1	1	73	74	0.98	1	1	46	0	1	0	T
p122#10	1296	G	R	54	1	1,82%	1	1	73	74	0.98	1	1	54	0	1	0	A
p122#10	1299	C	Y	47	2	4,08%	1	1	71	74	0.98	1	1	47	0	2	0	T
p122#10	1302	G	R	69	1	1,43%	1	1	71	74	0.98	1	1	69	0	1	0	A
p122#10	1311	C	Y	85	6	6,59%	1	1	71	57	0.98	1	1	85	0	6	0	T
p122#10	1314	C	Y	93	1	1,06%	1	1	71	74	0.98	1	1	93	0	1	0	T
p122#10	1316	C	Y	103	1	0,96%	1	1	72	74	0.98	1	1	103	0	1	0	T
p122#10	1317	C	Y	88	14	13,73%	1	1	72	67	0.98	1	1	88	0	14	0	T
p122#10	1319	C	Y	88	14	13,73%	1	1	72	65	0.98	1	1	88	0	14	0	T
p122#10	1326	A	R	87	1	1,14%	1	1	71	74	0.98	1	1	87	0	1	0	G
p122#10	1327	C	Y	79	5	5,95%	1	1	73	58	0.98	1	1	79	0	5	0	T
p122#10	1330	C	Y	89	1	1,11%	1	1	71	74	0.98	1	1	89	0	1	0	T
p122#10	1331	C	Y	83	4	4,6%	1	1	73	74	0.98	1	1	83	0	4	0	T
p122#10	1332	G	R	81	1	1,22%	1	1	73	74	0.98	1	1	81	0	1	0	A
p122#10	1335	C	Y	74	1	1,33%	1	1	72	74	0.98	1	1	74	0	1	0	T
p122#10	1344	G	R	58	1	1,69%	1	1	73	74	0.98	1	1	58	0	1	0	A
p122#10	1355	C	Y	40	1	2,44%	1	1	72	74	0.98	1	1	40	0	1	0	T
p122#10	1356	C	Y	36	3	7,69%	1	1	73	61	0.98	1	1	36	0	3	0	T
p122#10	1359	G	R	36	1	2,7%	1	1	72	74	0.98	1	1	36	0	1	0	A
p122#10	1360	C	Y	36	1	2,7%	1	1	73	74	0.98	1	1	36	0	1	0	T
p122#10	1362	G	R	35	1	2,78%	1	1	74	74	0.98	1	1	35	0	1	0	A
p122#10	1365	C	Y	35	1	2,78%	1	1	73	74	0.98	1	1	35	0	1	0	T
p122#10	1392	C	Y	29	2	6,45%	1	1	70	74	0.98	1	1	29	0	2	0	T
p122#10	1393	C	Y	27	3	10%	1	1	71	72	0.98	1	1	27	0	3	0	T
p122#10	1394	C	Y	20	11	35,48%	1	1	72	71	0.98	1	1	20	0	11	0	T
p122#10	1396	G	R	31	2	6,06%	1	1	72	58	0.98	1	1	31	0	2	0	A
p122#10	1399	C	Y	18	9	33,33%	1	1	72	72	0.98	1	1	18	0	9	0	T
p122#10	1401	C	Y	26	1	3,7%	1	1	72	74	0.98	1	1	26	0	1	0	T
p122#10	1408	C	Y	20	6	23,08%	1	1	72	70	0.98	1	1	20	0	6	0	T
p122#10	1413	C	Y	23	1	4,17%	1	1	71	74	0.98	1	1	23	0	1	0	T
p122#10	1422	C	Y	16	10	38,46%	1	1	72	71	0.98	1	1	16	0	10	0	T
p122#10	1427	C	Y	23	12	34,29%	1	1	73	64	0.98	1	1	23	0	12	0	T
p122#10	1428	G	R	33	1	2,94%	1	1	70	74	0.98	1	1	33	0	1	0	A
p122#10	1430	C	Y	39	1	2,5%	1	1	71	74	0.98	1	1	39	0	1	0	T
p122#10	1431	C	Y	41	1	2,38%	1	1	72	74	0.98	1	1	41	0	1	0	T
p122#10	1450	C	Y	53	2	3,64%	1	1	73	72	0.98	1	1	53	0	2	0	T
p122#10	1452	G	R	58	1	1,69%	1	1	70	74	0.98	1	1	58	0	1	0	A
p122#10	1456	C	Y	67	10	12,99%	1	1	71	70	0.98	1	1	67	0	10	0	T
p122#10	1460	C	Y	84	4	4,55%	1	1	71	74	0.98	1	1	84	0	4	0	T
p122#10	1461	G	R	86	1	1,15%	1	1	72	74	0.98	1	1	86	0	1	0	A
p122#10	1467	C	Y	92	1	1,08%	1	1	72	62	0.98	1	1	92	0	1	0	T
p122#10	1476	C	Y	79	4	4,82%	1	1	71	66	0.98	1	1	79	0	4	0	T
p122#10	1477	G	R	79	2	2,47%	1	1	71	67	0.98	1	1	79	0	2	0	A
p122#10	1484	C	Y	53	4	7,02%	1	1	71	74	0.98	1	1	53	0	4	0	T
p122#10	1485	G	R	55	1	1,79%	1	1	72	74	0.98	1	1	55	0	1	0	A
p122#10	1493	C	Y	41	1	2,38%	1	1	73	74	0.98	1	1	41	0	1	0	T
p122#10	1494	C	Y	43	4	8,51%	1	1	72	68	0.98	1	1	43	0	4	0	T
p122#10	1495	C	Y	42	5	10,64%	1	1	71	71	0.98	1	1	42	0	5	0	T
p122#10	1497	C	Y	41	5	10,87%	1	1	72	74	0.98	1	1	41	0	5	0	T
p122#10	1512	C	Y	26	12	31,58%	1	1	72	73	0.98	1	1	26	0	12	0	T
p122#10	1513	G	R	36	1	2,63%	1	1	71	74	0.98	1	1	36	0	1	0	A
p122#10	1519	G	R	34	1	2,86%	1	1	71	74	0.98	1	1	34	0	1	0	A
p122#10	1525	C	Y	33	1	2,94%	1	1	71	74	0.98	1	1	33	0	1	0	T
p122#10	1534	C	Y	24	6	20%	1	1	71	65	0.98	1	1	24	0	6	0	T
p122#10	1539	C	Y	13	17	56,67%	1	1	73	68	0.98	1	1	13	0	17	0	T
p122#10	1554	C	Y	11	4	26,67%	1	1	67	71	0.98	1	1	11	0	4	0	T
p122#10	1555	G	R	13	1	7,14%	1	1	71	74	0.98	1	1	13	0	1	0	A
p122#10	1560	C	Y	9	1	10%	1	1	72	74	0.98	1	1	9	0	1	0	T
p122#10	1567	G	R	7	1	12,5%	1	1	72	62	0.98	1	1	7	0	1	0	A
p122#10	1579	C	Y	16	1	5,88%	1	1	69	74	0.98	1	1	16	0	1	0	T
p122#10	1585	C	Y	24	1	4%	1	1	67	72	0.98	1	1	24	0	1	0	T
p122#10	1594	G	R	18	1	5,26%	1	1	64	62	0.98	1	1	18	0	1	0	A
p122#10	1605	C	Y	10	19	65,52%	1	1	70	64	0.98	1	1	10	0	19	0	T
p122#10	1612	C	Y	26	1	3,7%	1	1	69	74	0.98	1	1	26	0	1	0	T
p122#10	1623	C	Y	45	1	2,17%	1	1	70	74	0.98	1	1	45	0	1	0	T
p122#10	1626	C	Y	23	15	39,47%	1	1	71	63	0.98	1	1	23	0	15	0	T
p122#10	1629	C	Y	37	8	17,78%	1	1	70	66	0.98	1	1	37	0	8	0	T
p122#10	1631	C	Y	40	4	9,09%	1	1	67	71	0.98	1	1	40	0	4	0	T
p122#10	1639	C	Y	19	14	42,42%	1	1	72	66	0.98	1	1	19	0	14	0	T
p122#10	1647	C	Y	20	6	23,08%	1	1	70	70	0.98	1	1	20	0	6	0	T
p122#10	1665	C	Y	9	5	35,71%	1	1	71	74	0.98	1	1	9	0	5	0	T
p122#10	1671	C	Y	10	3	23,08%	1	1	74	70	0.98	1	1	10	0	3	0	T
p122#10	1672	C	Y	11	2	15,38%	1	1	70	68	0.98	1	1	11	0	2	0	T
p122#10	1683	G	R	12	1	7,69%	1	1	74	74	0.98	1	1	12	0	1	0	A
p122#10	1699	C	Y	21	1	4,55%	1	1	73	62	0.98	1	1	21	0	1	0	T
p122#10	1702	C	Y	22	2	8,33%	1	1	72	74	0.98	1	1	22	0	2	0	T
p122#10	1717	C	Y	11	13	54,17%	1	1	74	69	0.98	1	1	11	0	13	0	T
p122#10	1719	G	R	32	1	3,03%	1	1	71	74	0.98	1	1	32	0	1	0	A
p122#10	1720	C	Y	27	3	10%	1	1	73	65	0.98	1	1	27	0	3	0	T
p122#10	1725	C	Y	31	2	6,06%	1	1	72	59	0.98	1	1	31	0	2	0	T
p122#10	1727	C	Y	39	1	2,5%	1	1	72	74	0.98	1	1	39	0	1	0	T
p122#10	1729	C	Y	51	3	5,56%	1	1	72	74	0.98	1	1	51	0	3	0	T
p122#10	1738	G	R	51	1	1,92%	1	1	73	64	0.98	1	1	51	0	1	0	A
p122#10	1744	C	Y	66	1	1,49%	1	1	71	74	0.98	1	1	66	0	1	0	T
p122#10	1753	C	Y	84	1	1,18%	1	1	72	74	0.98	1	1	84	0	1	0	T
p122#10	1757	C	Y	83	8	8,79%	1	1	71	66	0.98	1	1	83	0	8	0	T
p122#10	1761	C	Y	100	1	0,99%	1	1	73	74	0.98	1	1	100	0	1	0	T
p122#10	1765	C	Y	86	22	20,37%	1	1	72	69	0.98	1	1	86	0	22	0	T
p122#10	1767	C	Y	120	1	0,83%	1	1	72	74	0.98	1	1	120	0	1	0	T
p122#10	1770	C	Y	118	1	0,84%	1	1	71	74	0.98	1	1	118	0	1	0	T
p122#10	1771	C	Y	109	9	7,63%	1	1	73	68	0.98	1	1	109	0	9	0	T
p122#10	1773	G	R	114	1	0,87%	1	1	72	74	0.98	1	1	114	0	1	0	A
p122#10	1779	C	Y	90	10	10%	1	1	72	74	0.98	1	1	90	0	10	0	T
p122#10	1780	C	Y	96	9	8,57%	1	1	72	72	0.98	1	1	96	0	9	0	T
p122#10	1784	C	Y	95	2	2,06%	1	1	73	74	0.98	1	1	95	0	2	0	T
p122#10	1785	C	Y	91	3	3,19%	1	1	72	74	0.98	1	1	91	0	3	0	T
p122#10	1788	G	R	92	1	1,08%	1	1	72	74	0.98	1	1	92	0	1	0	A
p122#10	1791	G	R	82	1	1,2%	1	1	73	74	0.98	1	1	82	0	1	0	A
p122#10	1793	C	Y	54	23	29,49%	1	1	73	73	0.98	1	1	54	0	23	0	T
p122#10	1798	G	R	72	1	1,37%	1	1	72	74	0.98	1	1	72	0	1	0	A
p122#10	1801	C	T	10	52	83,87%	1	1	69	71	0.98	1	1	10	0	52	0	T
p122#10	1802	C	T	10	53	84,13%	1	1	68	71	0.98	1	1	10	0	53	0	T
p122#10	1803	G	R	67	2	2,9%	1	1	70	74	0.98	1	1	67	0	2	0	A
p122#10	1806	C	Y	65	2	2,99%	1	1	72	68	0.98	1	1	65	0	2	0	T
p122#10	1813	C	Y	61	1	1,61%	1	1	73	74	0.98	1	1	61	0	1	0	T
p122#10	1819	C	Y	56	1	1,75%	1	1	73	74	0.98	1	1	56	0	1	0	T
p122#10	1821	C	Y	55	1	1,79%	1	1	73	74	0.98	1	1	55	0	1	0	T
p122#10	1827	C	Y	49	2	3,92%	1	1	73	74	0.98	1	1	49	0	2	0	T
p122#10	1828	C	Y	47	2	4,08%	1	1	72	68	0.98	1	1	47	0	2	0	T
p122#10	1830	G	K	45	1	2,17%	1	1	73	48	0.98	1	1	45	0	1	0	T
p122#10	1831	C	Y	45	1	2,17%	1	1	71	62	0.98	1	1	45	0	1	0	T
p122#10	1850	C	Y	59	2	3,28%	1	1	72	74	0.98	1	1	59	0	2	0	T
p122#10	1851	G	R	62	1	1,59%	1	1	72	74	0.98	1	1	62	0	1	0	A
p122#10	1857	C	Y	48	8	14,29%	1	1	72	67	0.98	1	1	48	0	8	0	T
p122#10	1860	C	Y	50	1	1,96%	1	1	73	74	0.98	1	1	50	0	1	0	T
p122#10	1861	C	Y	49	1	2%	1	1	73	74	0.98	1	1	49	0	1	0	T
p122#10	1863	C	Y	49	3	5,77%	1	1	72	69	0.98	1	1	49	0	3	0	T
p122#10	1866	C	Y	48	1	2,04%	1	1	72	74	0.98	1	1	48	0	1	0	T
p122#10	1872	C	Y	32	1	3,03%	1	1	70	74	0.98	1	1	32	0	1	0	T
p122#10	1878	G	R	28	1	3,45%	1	1	73	74	0.98	1	1	28	0	1	0	A
p122#10	1888	C	Y	24	10	29,41%	1	1	73	63	0.98	1	1	24	0	10	0	T
p122#10	1890	C	Y	38	1	2,56%	1	1	71	74	0.98	1	1	38	0	1	0	T
p122#10	1914	C	Y	53	11	17,19%	1	1	71	72	0.98	1	1	53	0	11	0	T
p122#10	1921	C	Y	44	14	24,14%	1	1	73	72	0.98	1	1	44	0	14	0	T
p122#10	1925	C	Y	19	47	71,21%	1	1	71	70	0.98	1	1	19	0	47	0	T
p122#10	1936	C	Y	27	23	46%	1	1	73	71	0.98	1	1	27	0	23	0	T
p122#10	1937	C	Y	45	6	11,76%	1	1	71	74	0.98	1	1	45	0	6	0	T
p122#10	1941	C	Y	46	1	2,13%	1	1	73	74	0.98	1	1	46	0	1	0	T
p122#10	1948	C	Y	34	4	10,53%	1	1	72	65	0.98	1	1	34	0	4	0	T
p122#10	1954	C	Y	33	3	8,33%	1	1	72	64	0.98	1	1	33	0	3	0	T
p122#10	1955	C	Y	33	3	8,33%	1	1	70	74	0.98	1	1	33	0	3	0	T
p122#10	1956	C	Y	30	5	14,29%	1	1	73	72	0.98	1	1	30	0	5	0	T
p122#10	1958	G	R	33	1	2,94%	1	1	72	74	0.98	1	1	33	0	1	0	A
p122#10	1966	C	Y	30	1	3,23%	1	1	72	74	0.98	1	1	30	0	1	0	T
p122#10	1969	C	Y	19	11	36,67%	1	1	74	71	0.98	1	1	19	0	11	0	T
p122#10	2002	C	Y	17	5	22,73%	1	1	71	74	0.98	1	1	17	0	5	0	T
p122#10	2005	C	Y	23	1	4,17%	1	1	72	74	0.98	1	1	23	0	1	0	T
p122#10	2010	C	Y	15	6	28,57%	1	1	72	74	0.98	1	1	15	0	6	0	T
p122#10	2016	C	Y	14	5	26,32%	1	1	73	74	0.98	1	1	14	0	5	0	T
p122#10	2036	C	Y	63	6	8,7%	1	1	71	66	0.98	1	1	63	0	6	0	T
p122#10	2046	C	Y	67	1	1,47%	1	1	71	74	0.98	1	1	67	0	1	0	T
p122#10	2050	C	Y	59	2	3,28%	1	1	71	74	0.98	1	1	59	0	2	0	T
p122#10	2051	C	Y	62	5	7,46%	1	1	71	65	0.98	1	1	62	0	5	0	T
p122#10	2062	C	Y	68	38	35,85%	1	1	73	69	0.98	1	1	68	0	38	0	T
p122#10	2064	C	Y	101	4	3,81%	1	1	71	74	0.98	1	1	101	0	4	0	T
p122#10	2065	C	Y	98	8	7,55%	1	1	70	74	0.98	1	1	98	0	8	0	T
p122#10	2066	C	Y	103	9	8,04%	1	1	72	70	0.98	1	1	103	0	9	0	T
p122#10	2072	C	Y	100	1	0,99%	1	1	72	74	0.98	1	1	100	0	1	0	T
p122#10	2073	G	R	96	1	1,03%	1	1	72	48	0.98	1	1	96	0	1	0	A
p122#10	2074	C	Y	97	3	3%	1	1	72	74	0.98	1	1	97	0	3	0	T
p122#10	2079	G	R	89	1	1,11%	1	1	73	48	0.98	1	1	89	0	1	0	A
p122#10	2083	G	R	86	1	1,15%	1	1	72	74	0.98	1	1	86	0	1	0	A
p122#10	2089	G	R	75	1	1,32%	1	1	72	74	0.98	1	1	75	0	1	0	A
p122#10	2093	C	Y	69	2	2,82%	1	1	72	61	0.98	1	1	69	0	2	0	T
p122#10	2095	G	R	67	1	1,47%	1	1	72	62	0.98	1	1	67	0	1	0	A
p122#10	2101	C	T	11	44	80%	1	1	71	69	0.98	1	1	11	0	44	0	T
p122#10	2103	G	R	48	1	2,04%	1	1	72	74	0.98	1	1	48	0	1	0	A
p122#10	2106	G	R	48	1	2,04%	1	1	72	74	0.98	1	1	48	0	1	0	A
p122#10	2113	C	Y	37	3	7,5%	1	1	73	74	0.98	1	1	37	0	3	0	T
p122#10	2127	C	T	7	25	78,12%	1	1	74	72	0.98	1	1	7	0	25	0	T
p122#10	2133	G	R	30	1	3,23%	1	1	73	74	0.98	1	1	30	0	1	0	A
p122#10	2134	G	R	30	1	3,23%	1	1	72	74	0.98	1	1	30	0	1	0	A
p122#10	2137	C	Y	24	5	17,24%	1	1	73	74	0.98	1	1	24	0	5	0	T
p122#10	2139	C	Y	19	18	48,65%	1	1	73	66	0.98	1	1	19	0	18	0	T
p122#10	2142	C	Y	29	6	17,14%	1	1	72	74	0.98	1	1	29	0	6	0	T
p122#10	2145	C	Y	24	7	22,58%	1	1	71	74	0.98	1	1	24	0	7	0	T
p122#10	2154	C	Y	21	3	12,5%	1	1	71	74	0.98	1	1	21	0	3	0	T
p122#10	2155	C	Y	21	3	12,5%	1	1	70	59	0.98	1	1	21	0	3	0	T
p122#10	2158	G	R	18	1	5,26%	1	1	72	57	0.98	1	1	18	0	1	0	A
p122#10	2167	C	Y	9	9	50%	1	1	74	66	0.98	1	1	9	0	9	0	T
p122#10	2185	C	Y	26	3	10,34%	1	1	71	66	0.98	1	1	26	0	3	0	T
p122#10	2186	C	Y	26	3	10,34%	1	1	69	70	0.98	1	1	26	0	3	0	T
p122#10	2209	C	Y	39	7	15,22%	1	1	70	63	0.98	1	1	39	0	7	0	T
p122#10	2216	G	R	67	1	1,47%	1	1	72	74	0.98	1	1	67	0	1	0	A
p122#10	2220	C	Y	76	1	1,3%	1	1	71	74	0.98	1	1	76	0	1	0	T
p122#10	2222	C	Y	92	1	1,08%	1	1	72	48	0.98	1	1	92	0	1	0	T
p122#10	2231	C	Y	79	9	10,23%	1	1	71	74	0.98	1	1	79	0	9	0	T
p122#10	2232	C	Y	91	1	1,09%	1	1	70	74	0.98	1	1	91	0	1	0	T
p122#10	2233	C	Y	88	4	4,35%	1	1	69	74	0.98	1	1	88	0	4	0	T
p122#10	2239	G	R	78	1	1,27%	1	1	71	74	0.98	1	1	78	0	1	0	A
p122#10	2241	C	Y	72	3	4%	1	1	73	57	0.98	1	1	72	0	3	0	T
p122#10	2243	C	Y	71	1	1,39%	1	1	71	74	0.98	1	1	71	0	1	0	T
p122#10	2244	C	Y	58	12	17,14%	1	1	71	68	0.98	1	1	58	0	12	0	T
p122#10	2248	C	Y	58	1	1,69%	1	1	72	74	0.98	1	1	58	0	1	0	T
p122#10	2254	C	Y	47	1	2,08%	1	1	73	74	0.98	1	1	47	0	1	0	T
p122#10	2257	C	Y	45	1	2,17%	1	1	73	62	0.98	1	1	45	0	1	0	T
p122#10	2259	C	Y	38	7	15,56%	1	1	73	74	0.98	1	1	38	0	7	0	T
p122#10	2263	C	Y	42	1	2,33%	1	1	73	74	0.98	1	1	42	0	1	0	T
p122#10	2267	G	R	38	1	2,56%	1	1	73	74	0.98	1	1	38	0	1	0	A
p122#10	2272	C	Y	37	2	5,13%	1	1	73	74	0.98	1	1	37	0	2	0	T
p122#10	2279	C	Y	31	2	6,06%	1	1	72	71	0.98	1	1	31	0	2	0	T
p122#10	2281	C	Y	17	16	48,48%	1	1	73	72	0.98	1	1	17	0	16	0	T
p122#10	2303	C	Y	31	1	3,12%	1	1	73	74	0.98	1	1	31	0	1	0	T
p122#10	2305	C	Y	25	1	3,85%	1	1	71	74	0.98	1	1	25	0	1	0	T
p122#10	2306	C	Y	25	5	16,67%	1	1	70	74	0.98	1	1	25	0	5	0	T
p122#10	2310	C	Y	27	2	6,9%	1	1	74	74	0.98	1	1	27	0	2	0	T
p122#10	2312	C	Y	27	1	3,57%	1	1	73	74	0.98	1	1	27	0	1	0	T
p122#10	2323	C	Y	27	3	10%	1	1	73	74	0.98	1	1	27	0	3	0	T
p122#10	2327	C	Y	18	9	33,33%	1	1	72	74	0.98	1	1	18	0	9	0	T
p122#10	2328	G	R	26	1	3,7%	1	1	71	74	0.98	1	1	26	0	1	0	A
p122#10	2339	C	Y	26	1	3,7%	1	1	72	74	0.98	1	1	26	0	1	0	T
p122#10	2347	G	R	27	1	3,57%	1	1	72	74	0.98	1	1	27	0	1	0	A
p122#10	2355	C	Y	35	1	2,78%	1	1	73	63	0.98	1	1	35	0	1	0	T
p122#10	2370	C	Y	60	4	6,25%	1	1	72	74	0.98	1	1	60	0	4	0	T
p122#10	2371	A	R	60	1	1,64%	1	1	71	74	0.98	1	1	60	0	1	0	G
p122#10	2377	G	R	60	2	3,23%	1	1	71	74	0.98	1	1	60	0	2	0	A
p122#10	2382	C	Y	66	1	1,49%	1	1	73	74	0.98	1	1	66	0	1	0	T
p122#10	2387	C	Y	61	7	10,29%	1	1	71	64	0.98	1	1	61	0	7	0	T
p122#10	2391	C	Y	59	1	1,67%	1	1	70	74	0.98	1	1	59	0	1	0	T
p122#10	2398	C	Y	51	3	5,45%	1	1	71	74	0.98	1	1	51	0	3	0	T
p122#10	2401	C	Y	37	13	26%	1	1	72	74	0.98	1	1	37	0	13	0	T
p122#10	2403	G	R	49	1	2%	1	1	71	74	0.98	1	1	49	0	1	0	A
p122#10	2405	C	Y	42	4	8,7%	1	1	71	74	0.98	1	1	42	0	4	0	T
p122#10	2408	C	Y	40	3	6,98%	1	1	71	74	0.98	1	1	40	0	3	0	T
p122#10	2409	G	R	40	3	6,98%	1	1	70	74	0.98	1	1	40	0	3	0	A
p122#10	2412	C	T	8	33	80,49%	1	1	72	72	0.98	1	1	8	0	33	0	T
p122#10	2420	C	Y	33	2	5,71%	1	1	73	74	0.98	1	1	33	0	2	0	T
p122#10	2428	C	Y	31	4	11,43%	1	1	71	74	0.98	1	1	31	0	4	0	T
p122#10	2432	C	Y	32	1	3,03%	1	1	71	74	0.98	1	1	32	0	1	0	T
p122#10	2433	C	Y	25	7	21,88%	1	1	73	70	0.98	1	1	25	0	7	0	T
p122#10	2448	C	Y	43	1	2,27%	1	1	72	74	0.98	1	1	43	0	1	0	T
p122#10	2458	C	Y	32	3	8,57%	1	1	73	74	0.98	1	1	32	0	3	0	T
p122#10	2467	C	Y	20	9	31,03%	1	1	73	72	0.98	1	1	20	0	9	0	T
p122#10	2473	G	R	22	2	8,33%	1	1	72	74	0.98	1	1	22	0	2	0	A
p122#10	2476	C	Y	17	8	32%	1	1	73	64	0.98	1	1	17	0	8	0	T
p122#10	2485	C	Y	27	1	3,57%	1	1	72	74	0.98	1	1	27	0	1	0	T
p122#10	2486	C	Y	21	4	16%	1	1	73	64	0.98	1	1	21	0	4	0	T
p122#10	2502	C	Y	44	1	2,22%	1	1	72	74	0.98	1	1	44	0	1	0	T
p122#10	2506	C	Y	46	1	2,13%	1	1	72	52	0.98	1	1	46	0	1	0	T
p122#10	2507	C	Y	38	8	17,39%	1	1	72	72	0.98	1	1	38	0	8	0	T
p122#10	2511	C	Y	46	7	13,21%	1	1	72	64	0.98	1	1	46	0	7	0	T
p122#10	2514	C	Y	51	16	23,88%	1	1	73	66	0.98	1	1	51	0	16	0	T
p122#10	2523	C	Y	78	1	1,27%	1	1	73	74	0.98	1	1	78	0	1	0	T
p122#10	2526	C	Y	69	9	11,39%	1	1	73	68	0.98	1	1	69	0	9	0	T
p122#10	2528	C	Y	74	1	1,33%	1	1	72	74	0.98	1	1	74	0	1	0	T
p122#10	2529	G	R	71	1	1,39%	1	1	72	74	0.98	1	1	71	0	1	0	A
p122#10	2534	C	Y	80	1	1,23%	1	1	73	74	0.98	1	1	80	0	1	0	T
p122#10	2535	T	Y	79	1	1,25%	1	1	72	74	0.98	1	1	79	0	1	0	C
p122#10	2540	C	Y	60	5	7,69%	1	1	72	74	0.98	1	1	60	0	5	0	T
p122#10	2546	C	Y	48	7	12,73%	1	1	73	70	0.98	1	1	48	0	7	0	T
p122#10	2552	C	Y	49	1	2%	1	1	73	74	0.98	1	1	49	0	1	0	T
p122#10	2559	C	Y	46	2	4,08%	1	1	72	61	0.98	1	1	46	0	2	0	T
p122#10	2570	C	Y	31	7	18,42%	1	1	72	70	0.98	1	1	31	0	7	0	T
p122#10	2574	C	Y	36	1	2,7%	1	1	72	63	0.98	1	1	36	0	1	0	T
p122#10	2581	C	Y	31	3	8,82%	1	1	73	72	0.98	1	1	31	0	3	0	T
p122#10	2587	C	Y	28	3	9,68%	1	1	73	74	0.98	1	1	28	0	3	0	T
p122#10	2594	C	Y	28	3	9,68%	1	1	71	70	0.98	1	1	28	0	3	0	T
p122#10	2595	C	Y	27	1	3,57%	1	1	72	74	0.98	1	1	27	0	1	0	T
p122#10	2636	C	Y	30	2	6,25%	1	1	72	74	0.98	1	1	30	0	2	0	T
p122#10	2647	C	Y	40	1	2,44%	1	1	73	50	0.98	1	1	40	0	1	0	T
p122#10	2650	C	Y	46	3	6,12%	1	1	72	60	0.98	1	1	46	0	3	0	T
p122#10	2654	C	Y	45	8	15,09%	1	1	73	60	0.98	1	1	45	0	8	0	T
p122#10	2662	C	Y	53	4	7,02%	1	1	72	68	0.98	1	1	53	0	4	0	T
p122#10	2663	C	Y	59	4	6,35%	1	1	70	61	0.98	1	1	59	0	4	0	T
p122#10	2681	C	Y	100	3	2,91%	1	1	70	74	0.98	1	1	100	0	3	0	T
p122#10	2690	C	Y	82	9	9,89%	1	1	71	71	0.98	1	1	82	0	9	0	T
p122#10	2696	C	Y	81	1	1,22%	1	1	72	44	0.98	1	1	81	0	1	0	T
p122#10	2697	C	Y	80	1	1,23%	1	1	71	62	0.98	1	1	80	0	1	0	T
p122#10	2707	G	R	64	2	3,03%	1	1	72	74	0.98	1	1	64	0	2	0	A
p122#10	2711	C	Y	62	6	8,82%	1	1	72	69	0.98	1	1	62	0	6	0	T
p122#10	2721	C	Y	58	3	4,92%	1	1	71	70	0.98	1	1	58	0	3	0	T
p122#10	2726	C	Y	52	3	5,45%	1	1	73	74	0.98	1	1	52	0	3	0	T
p122#10	2729	C	Y	49	1	2%	1	1	73	74	0.98	1	1	49	0	1	0	T
p122#10	2749	C	Y	38	1	2,56%	1	1	70	74	0.98	1	1	38	0	1	0	T
p122#10	2754	C	Y	32	4	11,11%	1	1	72	70	0.98	1	1	32	0	4	0	T
p122#10	2755	C	Y	34	1	2,86%	1	1	72	74	0.98	1	1	34	0	1	0	T
p122#10	2760	C	Y	30	12	28,57%	1	1	69	67	0.98	1	1	30	0	12	0	T
p122#10	2769	C	Y	32	5	13,51%	1	1	69	66	0.98	1	1	32	0	5	0	T
p122#10	2777	C	Y	33	2	5,71%	1	1	72	74	0.98	1	1	33	0	2	0	T
p122#10	2785	C	Y	29	1	3,33%	1	1	73	74	0.98	1	1	29	0	1	0	T
p122#10	2792	C	Y	31	2	6,06%	1	1	73	68	0.98	1	1	31	0	2	0	T
p122#10	2797	G	R	31	1	3,12%	1	1	70	74	0.98	1	1	31	0	1	0	A
p122#10	2803	C	Y	30	2	6,25%	1	1	72	59	0.98	1	1	30	0	2	0	T
p122#10	2812	C	Y	28	2	6,67%	1	1	73	62	0.98	1	1	28	0	2	0	T
p122#10	2817	C	Y	34	12	26,09%	1	1	73	65	0.98	1	1	34	0	12	0	T
p122#10	2819	C	Y	51	2	3,77%	1	1	71	74	0.98	1	1	51	0	2	0	T
p122#10	2834	C	Y	48	1	2,04%	1	1	72	74	0.98	1	1	48	0	1	0	T
p122#10	2855	C	Y	29	1	3,33%	1	1	72	74	0.98	1	1	29	0	1	0	T
p122#10	2873	C	Y	18	1	5,26%	1	1	74	74	0.98	1	1	18	0	1	0	T
p122#10	2874	C	Y	18	1	5,26%	1	1	73	74	0.98	1	1	18	0	1	0	T
p122#10	2881	C	Y	10	8	42,11%	1	1	72	74	0.98	1	1	10	0	8	0	T
p122#10	2890	C	Y	15	1	6,25%	1	1	74	74	0.98	1	1	15	0	1	0	T
p122#10	2903	C	Y	9	1	10%	1	1	74	74	0.98	1	1	9	0	1	0	T
p122#10	2904	G	R	9	1	10%	1	1	71	74	0.98	1	1	9	0	1	0	A
p122#10	2928	C	Y	5	1	16,67%	1	1	66	74	0.98	1	1	5	0	1	0	T
p122#10	2939	C	Y	25	1	3,85%	1	1	72	74	0.98	1	1	25	0	1	0	T
p122#10	2955	C	Y	29	1	3,33%	1	1	71	62	0.98	1	1	29	0	1	0	T
p122#10	2958	G	R	34	1	2,86%	1	1	72	45	0.98	1	1	34	0	1	0	A
p122#10	2962	C	Y	41	1	2,38%	1	1	72	74	0.98	1	1	41	0	1	0	T
p122#10	2970	C	Y	71	1	1,39%	1	1	73	62	0.98	1	1	71	0	1	0	T
p122#10	2972	C	Y	80	1	1,23%	1	1	71	62	0.98	1	1	80	0	1	0	T
p122#10	2978	C	Y	63	29	31,52%	1	1	69	64	0.98	1	1	63	0	29	0	T
p122#10	2991	C	Y	79	4	4,82%	1	1	66	67	0.98	1	1	79	0	4	0	T
p122#10	2995	G	R	76	1	1,3%	1	1	66	74	0.98	1	1	76	0	1	0	A
p122#10	3004	C	Y	67	4	5,63%	1	1	67	71	0.98	1	1	67	0	4	0	T
p122#10	3006	C	Y	44	27	38,03%	1	2	70	69	0.98	1	1	44	0	26	1	T
p122#10	3013	C	Y	69	1	1,43%	2	1	69	62	0.98	1	1	68	1	1	0	T
p122#10	3017	C	Y	68	1	1,45%	2	1	71	74	0.98	1	1	67	1	1	0	T
p122#10	3019	C	Y	59	2	3,28%	2	1	69	61	0.98	1	1	58	1	2	0	T
p122#10	3020	G	R	56	2	3,45%	2	1	69	74	0.98	1	1	55	1	2	0	A
p122#10	3023	C	Y	55	1	1,79%	2	1	64	74	0.98	1	1	54	1	1	0	T
p122#10	3028	C	Y	30	20	40%	1	2	63	67	0.98	1	1	30	0	19	1	T
p122#10	3052	G	R	49	1	2%	1	1	63	62	0.98	1	1	49	0	1	0	A
p122#10	3053	C	Y	49	1	2%	1	1	69	62	0.98	1	1	49	0	1	0	T
p122#10	3058	C	Y	51	1	1,92%	1	1	69	62	0.98	1	1	51	0	1	0	T
p122#10	3071	C	Y	44	1	2,22%	1	1	68	62	0.98	1	1	44	0	1	0	T
p122#10	3076	C	Y	37	2	5,13%	1	1	67	48	0.98	1	1	37	0	2	0	T
p122#10	3083	T	Y	31	1	3,12%	1	1	67	74	0.98	1	1	31	0	1	0	C
p122#10	3105	C	Y	34	21	30%	1	1	64	61	0.98	1	1	34	0	21	0	T
p122#10	3150	C	Y	51	4	7,27%	1	1	65	64	0.98	1	1	51	0	4	0	T
p122#10	3156	A	R	47	1	2,08%	1	1	68	74	0.98	1	1	47	0	1	0	G
p122#10	3170	C	Y	26	1	3,7%	1	1	72	74	0.98	1	1	26	0	1	0	T
p122#10	3238	C	Y	26	1	3,7%	1	1	72	62	0.98	1	1	26	0	1	0	T
p122#10	3274	C	Y	79	1	1,23%	1	1	62	74	0.98	1	1	79	0	1	0	T
p122#10	3317	C	Y	27	1	3,57%	1	1	65	74	0.98	1	1	27	0	1	0	T
p122#10	3389	C	Y	54	1	1,82%	1	1	72	74	0.98	1	1	54	0	1	0	T
p122#10	3411	C	Y	60	2	3,23%	1	1	73	74	0.98	1	1	60	0	2	0	T
p122#10	3530	C	Y	72	1	1,37%	1	1	72	74	0.98	1	1	72	0	1	0	T
p122#10	3560	C	Y	65	1	1,52%	1	1	73	74	0.98	1	1	65	0	1	0	T
p122#10	3594	C	Y	44	1	2,22%	1	1	71	59	0.98	1	1	44	0	1	0	T
p122#10	3675	C	Y	50	1	1,96%	1	1	72	42	0.98	1	1	50	0	1	0	T
p122#10	3687	C	Y	63	2	3,08%	1	1	70	74	0.98	1	1	63	0	2	0	T
p122#10	3726	C	Y	56	9	13,85%	1	1	72	74	0.98	1	1	56	0	9	0	T
p122#10	3732	G	R	68	1	1,45%	1	1	73	64	0.98	1	1	68	0	1	0	A
p122#10	3749	T	Y	58	1	1,69%	1	1	71	74	0.98	1	1	58	0	1	0	C
p122#10	3759	C	Y	49	1	2%	1	1	72	74	0.98	1	1	49	0	1	0	T
p122#10	3795	C	Y	32	3	8,57%	1	1	72	65	0.98	1	1	32	0	3	0	T
p122#10	3820	C	Y	54	2	3,57%	1	1	71	74	0.98	1	1	54	0	2	0	T
p122#10	3825	C	Y	85	1	1,16%	1	1	73	74	0.98	1	1	85	0	1	0	T
p122#10	3831	A	R	120	1	0,83%	1	1	68	74	0.98	1	1	120	0	1	0	G
p122#10	3854	C	Y	128	1	0,77%	1	1	70	74	0.98	1	1	128	0	1	0	T
p122#10	3866	C	Y	104	1	0,95%	1	1	72	74	0.98	1	1	104	0	1	0	T
p122#10	3867	C	Y	102	1	0,97%	1	1	71	74	0.98	1	1	102	0	1	0	T
p122#10	3879	C	Y	85	1	1,16%	1	1	71	74	0.98	1	1	85	0	1	0	T
p122#10	3885	C	Y	79	3	3,66%	1	1	72	61	0.98	1	1	79	0	3	0	T
p122#10	3916	C	Y	37	3	7,5%	1	1	73	65	0.98	1	1	37	0	3	0	T
p122#10	3927	C	Y	32	1	3,03%	1	1	72	62	0.98	1	1	32	0	1	0	T
p122#10	3970	C	Y	67	2	2,9%	1	1	72	61	0.98	1	1	67	0	2	0	T
p122#10	3974	G	R	115	1	0,86%	1	1	72	68	0.98	1	1	115	0	1	0	A
p122#10	3975	G	K	125	1	0,79%	1	1	71	48	0.98	1	1	125	0	1	0	T
p122#10	3980	T	Y	181	1	0,55%	1	1	70	48	0.98	1	1	181	0	1	0	C
p122#10	3981	C	Y	199	1	0,5%	1	1	71	74	0.98	1	1	199	0	1	0	T
p122#10	3982	C	Y	201	1	0,5%	1	1	72	74	0.98	1	1	201	0	1	0	T
p122#10	3985	C	Y	227	2	0,87%	1	1	71	62	0.98	1	1	227	0	2	0	T
p122#10	3998	G	R	276	1	0,36%	1	1	72	74	0.98	1	1	276	0	1	0	A
p122#10	4002	G	R	305	1	0,33%	1	1	71	62	0.98	1	1	305	0	1	0	A
p122#10	4014	A	R	353	1	0,28%	1	1	70	74	0.98	1	1	353	0	1	0	G
p122#10	4015	G	R	355	1	0,28%	1	1	72	74	0.98	1	1	355	0	1	0	A
p122#10	4017	C	Y	365	1	0,27%	1	1	72	74	0.98	1	1	365	0	1	0	T
p122#10	4019	C	Y	394	1	0,25%	1	1	71	48	0.98	1	1	394	0	1	0	T
p122#10	4025	C	Y	424	1	0,24%	1	1	71	74	0.98	1	1	424	0	1	0	T
p122#10	4026	G	R	429	1	0,23%	1	1	72	74	0.98	1	1	429	0	1	0	A
p122#10	4029	C	Y	434	2	0,46%	1	1	70	74	0.98	1	1	434	0	2	0	T
p122#10	4035	T	Y	437	1	0,23%	1	1	67	74	0.98	1	1	437	0	1	0	C
p122#10	4037	C	Y	448	2	0,44%	1	1	71	74	0.98	1	1	448	0	2	0	T
p122#10	4038	C	Y	440	3	0,68%	1	1	71	74	0.98	1	1	440	0	3	0	T
p122#10	4044	C	Y	437	1	0,23%	2	1	72	74	0.98	1	1	436	1	1	0	T
p122#10	4058	C	Y	438	7	1,57%	2	1	72	61	0.98	1	1	437	1	7	0	T
p122#10	4060	C	Y	444	1	0,22%	1	1	73	74	0.98	1	1	444	0	1	0	T
p122#10	4074	C	Y	368	6	1,6%	1	1	72	63	0.98	1	1	368	0	6	0	T
p122#10	4075	A	R	370	1	0,27%	1	1	70	74	0.98	1	1	370	0	1	0	G
p122#10	4077	C	Y	365	3	0,81%	1	1	72	61	0.98	1	1	365	0	3	0	T
p122#10	4084	C	Y	335	1	0,3%	1	1	72	74	0.98	1	1	335	0	1	0	T
