Chrom	Position	Ref	Cons	Reads1	Reads2	VarFreq	Strands1	Strands2	Qual1	Qual2	Pvalue	MapQual1	MapQual2	Reads1Plus	Reads1Minus	Reads2Plus	Reads2Minus	VarAllele
p122#10	58	G	R	6	1	14,29%	1	1	72	74	0.98	1	1	6	0	1	0	A
p122#10	114	C	Y	71	1	1,39%	1	1	71	74	0.98	1	1	71	0	1	0	T
p122#10	122	A	R	85	1	1,16%	1	1	72	74	0.98	1	1	85	0	1	0	G
p122#10	153	C	Y	83	1	1,19%	1	1	72	74	0.98	1	1	83	0	1	0	T
p122#10	199	A	R	48	1	2,04%	1	1	65	74	0.98	1	1	48	0	1	0	G
p122#10	321	C	M	63	1	1,56%	1	1	72	74	0.98	1	1	63	0	1	0	A
p122#10	418	C	Y	111	1	0,89%	1	1	72	45	0.98	1	1	111	0	1	0	T
p122#10	431	C	Y	90	2	2,17%	1	1	72	74	0.98	1	1	90	0	2	0	T
p122#10	459	G	R	60	2	3,23%	1	1	72	74	0.98	1	1	60	0	2	0	A
p122#10	463	G	R	62	1	1,59%	1	1	73	62	0.98	1	1	62	0	1	0	A
p122#10	481	G	R	50	2	3,85%	1	1	73	74	0.98	1	1	50	0	2	0	A
p122#10	531	C	Y	35	2	5,41%	1	1	72	74	0.98	1	1	35	0	2	0	T
p122#10	546	C	Y	74	1	1,33%	1	1	71	70	0.98	1	1	74	0	1	0	T
p122#10	558	C	Y	78	1	1,27%	1	1	71	74	0.98	1	1	78	0	1	0	T
p122#10	582	C	Y	75	1	1,32%	1	1	73	74	0.98	1	1	75	0	1	0	T
p122#10	594	C	Y	68	1	1,45%	1	1	72	74	0.98	1	1	68	0	1	0	T
p122#10	606	G	R	58	1	1,69%	1	1	73	62	0.98	1	1	58	0	1	0	A
p122#10	629	C	Y	51	1	1,92%	1	1	73	74	0.98	1	1	51	0	1	0	T
p122#10	641	C	Y	48	1	2,04%	1	1	73	74	0.98	1	1	48	0	1	0	T
p122#10	660	G	R	50	1	1,96%	1	1	72	74	0.98	1	1	50	0	1	0	A
p122#10	765	G	K	44	1	2,22%	1	1	72	74	0.98	1	1	44	0	1	0	T
p122#10	882	G	R	107	1	0,93%	1	1	73	45	0.98	1	1	107	0	1	0	A
p122#10	892	C	Y	85	1	1,16%	1	1	73	74	0.98	1	1	85	0	1	0	T
p122#10	894	C	Y	84	1	1,18%	1	1	73	74	0.98	1	1	84	0	1	0	T
p122#10	930	C	Y	58	1	1,69%	1	1	73	74	0.98	1	1	58	0	1	0	T
p122#10	1007	C	S	85	1	1,16%	1	1	72	62	0.98	1	1	85	0	1	0	G
p122#10	1041	C	Y	98	1	1,01%	1	1	72	62	0.98	1	1	98	0	1	0	T
p122#10	1046	C	Y	83	1	1,19%	1	1	72	74	0.98	1	1	83	0	1	0	T
p122#10	1067	C	Y	57	1	1,72%	1	1	73	74	0.98	1	1	57	0	1	0	T
p122#10	1137	C	Y	28	1	3,45%	1	1	71	74	0.98	1	1	28	0	1	0	T
p122#10	1178	A	R	57	1	1,72%	1	1	69	74	0.98	1	1	57	0	1	0	G
p122#10	1320	G	S	82	1	1,2%	1	1	73	74	0.98	1	1	82	0	1	0	C
p122#10	1326	A	R	79	1	1,25%	1	1	72	74	0.98	1	1	79	0	1	0	G
p122#10	1344	G	R	82	1	1,2%	1	1	73	74	0.98	1	1	82	0	1	0	A
p122#10	1347	G	K	87	1	1,14%	1	1	72	74	0.98	1	1	87	0	1	0	T
p122#10	1348	C	Y	80	1	1,23%	1	1	73	74	0.98	1	1	80	0	1	0	T
p122#10	1385	C	Y	58	1	1,69%	1	1	73	74	0.98	1	1	58	0	1	0	T
p122#10	1411	C	Y	35	1	2,78%	1	1	74	74	0.98	1	1	35	0	1	0	T
p122#10	1485	G	R	58	2	3,33%	1	1	73	61	0.98	1	1	58	0	2	0	A
p122#10	1523	C	M	67	1	1,47%	1	1	73	48	0.98	1	1	67	0	1	0	A
p122#10	1695	C	Y	28	2	6,67%	1	1	71	74	0.98	1	1	28	0	2	0	T
p122#10	1805	A	M	66	1	1,49%	1	1	72	50	0.98	1	1	66	0	1	0	C
p122#10	2036	C	Y	62	1	1,59%	1	1	72	74	0.98	1	1	62	0	1	0	T
p122#10	2060	C	Y	112	1	0,88%	1	1	72	74	0.98	1	1	112	0	1	0	T
p122#10	2093	C	Y	86	1	1,15%	1	1	72	74	0.98	1	1	86	0	1	0	T
p122#10	2124	C	Y	57	1	1,72%	1	1	73	74	0.98	1	1	57	0	1	0	T
p122#10	2139	C	Y	46	1	2,13%	1	1	73	64	0.98	1	1	46	0	1	0	T
p122#10	2195	G	R	38	1	2,56%	1	1	72	74	0.98	1	1	38	0	1	0	A
p122#10	2223	G	R	81	1	1,22%	1	1	72	74	0.98	1	1	81	0	1	0	A
p122#10	2301	C	Y	41	1	2,38%	1	1	73	74	0.98	1	1	41	0	1	0	T
p122#10	2341	G	R	37	1	2,63%	1	1	73	62	0.98	1	1	37	0	1	0	A
p122#10	2387	C	Y	53	1	1,85%	1	1	73	74	0.98	1	1	53	0	1	0	T
p122#10	2663	C	Y	52	5	8,77%	1	1	72	69	0.98	1	1	52	0	5	0	T
p122#10	2983	G	K	109	1	0,91%	1	1	72	50	0.98	1	1	109	0	1	0	T
p122#10	2989	T	K	96	1	1,03%	1	1	68	48	0.98	1	1	96	0	1	0	G
p122#10	3034	G	R	59	1	1,67%	1	1	73	74	0.98	1	1	59	0	1	0	A
p122#10	3378	A	R	63	1	1,56%	1	1	73	74	0.98	1	1	63	0	1	0	G
p122#10	3392	T	Y	53	1	1,85%	1	1	72	50	0.98	1	1	53	0	1	0	C
p122#10	3862	T	Y	79	1	1,25%	1	1	71	74	0.98	1	1	79	0	1	0	C
p122#10	3989	G	R	248	1	0,4%	1	1	73	48	0.98	1	1	248	0	1	0	A
p122#10	3994	C	Y	242	1	0,41%	1	1	72	74	0.98	1	1	242	0	1	0	T
p122#10	4000	A	R	256	1	0,39%	1	1	70	48	0.98	1	1	256	0	1	0	G
p122#10	4059	G	R	451	1	0,22%	1	1	73	74	0.98	1	1	451	0	1	0	A
p122#10	4064	T	Y	415	1	0,24%	1	1	71	74	0.98	1	1	415	0	1	0	C
p122#10	4071	G	K	346	1	0,29%	1	1	73	74	0.98	1	1	346	0	1	0	T
p122#10	4077	C	Y	395	1	0,25%	1	1	73	74	0.98	1	1	395	0	1	0	T
p122#10	4096	G	R	323	1	0,31%	1	1	73	74	0.98	1	1	323	0	1	0	A
