Chrom	Position	Ref	Cons	Reads1	Reads2	VarFreq	Strands1	Strands2	Qual1	Qual2	Pvalue	MapQual1	MapQual2	Reads1Plus	Reads1Minus	Reads2Plus	Reads2Minus	VarAllele
p122#10	45	C	Y	19	1	5%	1	1	72	62	0.98	1	1	19	0	1	0	T
p122#10	74	C	Y	37	4	9,76%	1	1	69	73	0.98	1	1	37	0	4	0	T
p122#10	114	C	Y	101	2	1,94%	1	1	71	74	0.98	1	1	101	0	2	0	T
p122#10	127	C	Y	146	1	0,68%	1	1	70	74	0.98	1	1	146	0	1	0	T
p122#10	149	C	Y	205	1	0,48%	1	1	68	74	0.98	1	1	205	0	1	0	T
p122#10	150	C	Y	202	1	0,49%	1	1	70	48	0.98	1	1	202	0	1	0	T
p122#10	151	C	Y	203	1	0,49%	1	1	70	74	0.98	1	1	203	0	1	0	T
p122#10	165	C	Y	264	2	0,73%	1	1	65	66	0.98	1	1	264	0	2	0	-A
p122#10	172	C	Y	249	1	0,4%	1	1	63	74	0.98	1	1	249	0	1	0	T
p122#10	173	C	Y	239	1	0,42%	1	1	66	48	0.98	1	1	239	0	1	0	T
p122#10	177	C	Y	221	1	0,45%	1	1	67	74	0.98	1	1	221	0	1	0	T
p122#10	183	C	Y	195	1	0,51%	1	1	66	74	0.98	1	1	195	0	1	0	T
p122#10	202	G	R	153	1	0,65%	1	1	69	74	0.98	1	1	153	0	1	0	A
p122#10	209	C	Y	140	1	0,71%	1	1	64	62	0.98	1	1	140	0	1	0	T
p122#10	213	C	Y	147	2	1,32%	1	1	69	61	0.98	1	1	147	0	2	0	T
p122#10	215	A	R	156	1	0,64%	1	1	69	62	0.98	1	1	156	0	1	0	G
p122#10	223	C	Y	194	1	0,51%	1	1	70	74	0.98	1	1	194	0	1	0	T
p122#10	227	C	Y	203	1	0,49%	1	1	70	74	0.98	1	1	203	0	1	0	T
p122#10	228	C	Y	205	1	0,49%	1	1	71	74	0.98	1	1	205	0	1	0	T
p122#10	229	G	R	218	1	0,46%	1	1	68	74	0.98	1	1	218	0	1	0	A
p122#10	233	G	R	217	15	6,47%	1	1	68	71	0.98	1	1	217	0	15	0	A
p122#10	241	C	Y	254	3	1,17%	1	1	70	70	0.98	1	1	254	0	3	0	T
p122#10	248	G	R	276	4	1,43%	1	1	71	68	0.98	1	1	276	0	4	0	A
p122#10	254	C	Y	289	3	1,03%	1	1	68	66	0.98	1	1	289	0	3	0	T
p122#10	255	G	R	280	16	5,41%	1	1	71	72	0.98	1	1	280	0	16	0	A
p122#10	257	G	R	283	2	0,7%	1	1	69	61	0.98	1	1	283	0	2	0	A
p122#10	266	C	Y	287	3	1,03%	1	1	69	74	0.98	1	1	287	0	3	0	T
p122#10	268	C	Y	289	2	0,69%	1	1	71	74	0.98	1	1	289	0	2	0	T
p122#10	270	G	R	284	6	2,07%	1	1	69	65	0.98	1	1	284	0	6	0	A
p122#10	282	C	Y	294	2	0,68%	1	1	72	70	0.98	1	1	294	0	2	0	T
p122#10	283	G	R	269	28	9,43%	1	1	71	69	0.98	1	1	269	0	28	0	A
p122#10	286	G	R	297	1	0,34%	1	1	70	62	0.98	1	1	297	0	1	0	A
p122#10	289	G	R	293	6	2,01%	1	1	72	61	0.98	1	1	293	0	6	0	A
p122#10	293	C	Y	287	3	1,03%	1	1	72	65	0.98	1	1	287	0	3	0	T
p122#10	299	G	R	288	1	0,35%	1	1	72	74	0.98	1	1	288	0	1	0	A
p122#10	306	G	R	255	1	0,39%	1	1	71	59	0.98	1	1	255	0	1	0	A
p122#10	318	C	Y	232	3	1,28%	2	1	72	70	0.98	1	1	229	3	3	0	T
p122#10	328	C	Y	202	2	0,98%	2	1	72	66	0.98	1	1	199	3	2	0	T
p122#10	331	C	Y	188	4	2,08%	2	1	73	65	0.98	1	1	185	3	4	0	T
p122#10	333	G	R	183	7	3,68%	2	1	70	64	0.98	1	1	180	3	7	0	A
p122#10	340	C	Y	157	1	0,63%	2	1	72	74	0.98	1	1	154	3	1	0	T
p122#10	341	G	R	156	1	0,64%	2	1	70	74	0.98	1	1	153	3	1	0	A
p122#10	351	G	R	127	2	1,55%	2	1	71	74	0.98	1	1	124	3	2	0	A
p122#10	357	C	Y	90	24	21,05%	2	2	72	70	0.98	1	1	88	2	23	1	T
p122#10	358	G	R	111	1	0,89%	2	1	72	48	0.98	1	1	108	3	1	0	A
p122#10	365	C	Y	114	1	0,87%	2	1	72	74	0.98	1	1	111	3	1	0	T
p122#10	380	G	R	143	4	2,72%	2	1	72	64	0.98	1	1	140	3	4	0	A
p122#10	394	C	Y	192	1	0,52%	2	1	71	74	0.98	1	1	191	1	1	0	T
p122#10	397	C	Y	192	2	1,03%	2	1	71	61	0.98	1	1	191	1	2	0	T
p122#10	399	C	Y	202	5	2,42%	1	1	72	68	0.98	1	1	202	0	5	0	T
p122#10	401	C	Y	197	5	2,48%	1	1	70	68	0.98	1	1	197	0	5	0	T
p122#10	406	G	R	218	2	0,91%	1	1	70	74	0.98	1	1	218	0	2	0	A
p122#10	407	G	R	228	2	0,87%	1	1	69	74	0.98	1	1	228	0	2	0	A
p122#10	408	G	R	230	1	0,43%	1	1	71	67	0.98	1	1	230	0	1	0	A
p122#10	415	G	R	228	5	2,15%	1	1	71	70	0.98	1	1	228	0	5	0	A
p122#10	418	C	Y	210	16	7,08%	1	1	71	67	0.98	1	1	210	0	16	0	T
p122#10	420	G	R	217	2	0,91%	1	1	71	47	0.98	1	1	217	0	2	0	A
p122#10	423	C	Y	177	41	18,81%	1	1	71	69	0.98	1	1	177	0	41	0	T
p122#10	426	C	Y	225	7	3,02%	1	1	71	70	0.98	1	1	225	0	7	0	T
p122#10	427	C	Y	217	12	5,24%	1	1	71	73	0.98	1	1	217	0	12	0	T
p122#10	431	C	Y	218	10	4,39%	1	1	70	69	0.98	1	1	218	0	10	0	T
p122#10	432	C	Y	205	16	7,24%	1	1	70	72	0.98	1	1	205	0	16	0	T
p122#10	434	C	Y	190	22	10,38%	1	1	70	71	0.98	1	1	190	0	22	0	T
p122#10	435	C	Y	63	143	69,42%	1	1	71	69	0.98	1	1	63	0	143	0	T
p122#10	436	G	R	218	5	2,24%	1	1	70	71	0.98	1	1	218	0	5	0	A
p122#10	440	G	R	228	1	0,44%	1	1	72	74	0.98	1	1	228	0	1	0	A
p122#10	444	G	R	225	1	0,44%	2	1	72	74	0.98	1	1	224	1	1	0	A
p122#10	446	C	Y	212	18	7,83%	2	1	71	70	0.98	1	1	211	1	18	0	T
p122#10	447	G	R	229	2	0,87%	2	1	72	74	0.98	1	1	228	1	2	0	A
p122#10	449	C	Y	222	2	0,89%	2	1	70	74	0.98	1	1	221	1	2	0	T
p122#10	450	C	M	217	1	0,46%	2	1	72	48	0.98	1	1	216	1	1	0	A
p122#10	450	C	Y	217	1	0,46%	2	1	72	74	0.98	1	1	216	1	1	0	A
p122#10	453	C	Y	123	94	43,32%	2	1	72	69	0.98	1	1	122	1	94	0	T
p122#10	456	C	Y	210	23	9,87%	2	1	71	72	0.98	1	1	209	1	23	0	T
p122#10	458	C	Y	223	3	1,33%	1	2	72	74	0.98	1	1	223	0	2	1	T
p122#10	462	C	Y	137	79	36,57%	1	2	71	71	0.98	1	1	137	0	78	1	T
p122#10	463	G	R	210	7	3,23%	2	1	72	74	0.98	1	1	209	1	7	0	A
p122#10	466	C	Y	200	9	4,31%	1	2	71	74	0.98	1	1	200	0	8	1	T
p122#10	468	G	R	206	3	1,44%	2	1	72	65	0.98	1	1	205	1	3	0	A
p122#10	471	C	Y	136	67	33%	1	2	72	73	0.98	1	1	136	0	66	1	T
p122#10	474	C	Y	163	33	16,84%	1	2	71	72	0.98	1	1	163	0	32	1	T
p122#10	475	G	R	175	15	7,89%	1	2	72	72	0.98	1	1	175	0	14	1	A
p122#10	478	G	R	184	1	0,54%	2	1	71	74	0.98	1	1	183	1	1	0	A
p122#10	486	C	Y	124	31	20%	2	1	71	70	0.98	1	1	123	1	31	0	T
p122#10	489	C	Y	101	53	34,42%	1	2	72	72	0.98	1	1	101	0	52	1	T
p122#10	490	G	R	145	7	4,61%	2	1	71	72	0.98	1	1	144	1	7	0	A
p122#10	495	G	R	139	1	0,71%	2	1	72	74	0.98	1	1	138	1	1	0	A
p122#10	497	G	R	134	3	2,19%	2	1	72	70	0.98	1	1	133	1	3	0	A
p122#10	502	G	R	124	3	2,36%	2	1	72	74	0.98	1	1	123	1	3	0	A
p122#10	507	C	Y	101	13	11,4%	1	2	72	72	0.98	1	1	101	0	12	1	T
p122#10	508	C	Y	105	11	9,48%	2	1	71	72	0.98	1	1	104	1	11	0	T
p122#10	510	G	R	114	1	0,87%	1	1	73	74	0.98	1	1	114	0	0	1	A
p122#10	514	G	R	109	9	7,63%	1	2	71	71	0.98	1	1	109	0	8	1	A
p122#10	517	G	R	115	2	1,71%	1	2	72	74	0.98	1	1	115	0	1	1	A
p122#10	522	C	Y	133	11	7,64%	1	2	71	70	0.98	1	1	133	0	10	1	T
p122#10	523	G	R	149	2	1,32%	2	1	71	71	0.98	1	1	148	1	2	0	A
p122#10	526	G	R	177	2	1,12%	2	1	72	67	0.98	1	1	176	1	2	0	A
p122#10	531	C	Y	178	14	7,29%	2	1	70	70	0.98	1	1	177	1	14	0	T
p122#10	533	C	Y	192	2	1,03%	2	1	71	74	0.98	1	1	191	1	2	0	T
p122#10	534	C	Y	148	46	23,71%	1	2	70	72	0.98	1	1	148	0	45	1	T
p122#10	535	C	Y	178	21	10,55%	2	1	70	72	0.98	1	1	177	1	21	0	T
p122#10	536	G	R	213	1	0,47%	2	1	71	74	0.98	1	1	212	1	1	0	A
p122#10	538	C	Y	218	9	3,96%	2	1	72	65	0.98	1	1	217	1	9	0	T
p122#10	540	G	R	233	1	0,43%	2	1	72	62	0.98	1	1	232	1	1	0	A
p122#10	541	C	Y	235	4	1,67%	2	1	72	65	0.98	1	1	234	1	4	0	T
p122#10	543	G	R	246	1	0,4%	2	1	72	62	0.98	1	1	245	1	1	0	A
p122#10	546	C	Y	232	23	9,02%	2	1	71	69	0.98	1	1	231	1	23	0	T
p122#10	547	C	Y	175	84	32,43%	1	2	70	72	0.98	1	1	175	0	83	1	T
p122#10	548	G	R	256	3	1,16%	1	2	70	65	0.98	1	1	256	0	2	1	A
p122#10	557	G	R	278	2	0,71%	2	1	70	64	0.98	1	1	277	1	2	0	A
p122#10	558	C	Y	265	12	4,33%	2	1	69	67	0.98	1	1	264	1	12	0	T
p122#10	562	G	R	266	5	1,85%	2	1	72	74	0.98	1	1	265	1	5	0	A
p122#10	565	G	R	272	2	0,73%	1	1	71	68	0.98	1	1	272	0	2	0	A
p122#10	568	G	R	276	3	1,08%	1	1	70	74	0.98	1	1	276	0	3	0	A
p122#10	569	G	R	272	3	1,09%	1	1	71	74	0.98	1	1	272	0	3	0	A
p122#10	576	C	Y	261	14	5,09%	1	1	71	69	0.98	1	1	261	0	14	0	T
p122#10	579	C	Y	111	136	55,06%	1	1	72	69	0.98	1	1	111	0	136	0	T
p122#10	582	C	Y	196	49	20%	1	1	69	72	0.98	1	1	196	0	49	0	T
p122#10	585	C	Y	199	54	21,34%	1	1	72	71	0.98	1	1	199	0	54	0	T
p122#10	586	G	R	256	3	1,16%	1	1	71	74	0.98	1	1	256	0	3	0	A
p122#10	593	C	Y	261	1	0,38%	1	1	70	74	0.98	1	1	261	0	1	0	T
p122#10	594	C	Y	235	20	7,84%	1	1	70	70	0.98	1	1	235	0	20	0	T
p122#10	596	C	Y	249	6	2,35%	1	1	71	71	0.98	1	1	249	0	6	0	T
p122#10	597	C	Y	201	46	18,62%	1	1	69	70	0.98	1	1	201	0	46	0	T
p122#10	598	G	R	247	1	0,4%	1	1	72	74	0.98	1	1	247	0	1	0	A
p122#10	600	C	Y	237	12	4,82%	1	1	71	72	0.98	1	1	237	0	12	0	T
p122#10	603	T	Y	243	1	0,41%	1	1	71	48	0.98	1	1	243	0	1	0	C
p122#10	604	C	Y	126	107	45,92%	1	1	72	71	0.98	1	1	126	0	107	0	T
p122#10	606	G	R	241	4	1,63%	1	1	72	71	0.98	1	1	241	0	4	0	A
p122#10	610	C	Y	127	110	46,41%	1	1	72	71	0.98	1	1	127	0	110	0	T
p122#10	614	C	Y	218	10	4,39%	1	1	71	71	0.98	1	1	218	0	10	0	T
p122#10	616	C	Y	237	1	0,42%	1	1	70	74	0.98	1	1	237	0	1	0	T
p122#10	618	G	R	239	1	0,42%	1	1	72	62	0.98	1	1	239	0	1	0	A
p122#10	622	G	R	225	10	4,26%	1	1	71	72	0.98	1	1	225	0	10	0	A
p122#10	627	C	Y	173	51	22,77%	1	1	71	69	0.98	1	1	173	0	51	0	T
p122#10	629	C	Y	223	3	1,33%	1	1	70	74	0.98	1	1	223	0	3	0	T
p122#10	630	C	Y	214	6	2,73%	1	1	71	71	0.98	1	1	214	0	6	0	T
p122#10	634	C	Y	90	121	57,35%	1	1	71	70	0.98	1	1	90	0	121	0	T
p122#10	636	G	R	213	1	0,47%	1	1	71	74	0.98	1	1	213	0	1	0	A
p122#10	639	C	Y	198	7	3,41%	1	1	70	70	0.98	1	1	198	0	7	0	T
p122#10	641	C	Y	194	1	0,51%	1	1	71	74	0.98	1	1	194	0	1	0	T
p122#10	642	C	Y	162	21	11,48%	1	1	71	72	0.98	1	1	162	0	21	0	T
p122#10	645	C	Y	139	44	24,04%	1	1	72	70	0.98	1	1	139	0	44	0	T
p122#10	648	C	Y	111	69	38,33%	1	1	71	71	0.98	1	1	111	0	69	0	T
p122#10	649	C	Y	115	67	36,81%	1	1	69	70	0.98	1	1	115	0	67	0	T
p122#10	650	G	R	178	2	1,11%	1	1	70	74	0.98	1	1	178	0	2	0	A
p122#10	651	G	R	172	2	1,15%	1	1	70	74	0.98	1	1	172	0	2	0	A
p122#10	655	C	Y	151	9	5,62%	1	1	72	74	0.98	1	1	151	0	9	0	T
p122#10	659	C	Y	148	8	5,13%	1	1	71	70	0.98	1	1	148	0	8	0	T
p122#10	660	G	R	155	1	0,64%	1	1	71	74	0.98	1	1	155	0	1	0	A
p122#10	663	C	Y	74	72	49,32%	1	1	72	72	0.98	1	1	74	0	72	0	T
p122#10	665	G	R	147	1	0,68%	1	1	70	74	0.98	1	1	147	0	1	0	A
p122#10	668	C	Y	141	3	2,08%	1	1	70	74	0.98	1	1	141	0	3	0	T
p122#10	670	C	Y	107	27	20,15%	1	1	71	70	0.98	1	1	107	0	27	0	T
p122#10	671	G	R	138	1	0,72%	1	1	70	74	0.98	1	1	138	0	1	0	A
p122#10	672	C	Y	137	1	0,72%	1	1	71	74	0.98	1	1	137	0	1	0	T
p122#10	675	C	Y	134	5	3,6%	1	1	70	69	0.98	1	1	134	0	5	0	T
p122#10	676	C	Y	135	5	3,57%	1	1	68	67	0.98	1	1	135	0	5	0	T
p122#10	677	C	Y	107	36	25,17%	1	1	71	71	0.98	1	1	107	0	36	0	T
p122#10	680	C	Y	159	6	3,64%	1	1	70	65	0.98	1	1	159	0	6	0	T
p122#10	681	C	Y	162	10	5,81%	1	1	67	74	0.98	1	1	162	0	10	0	T
p122#10	682	C	Y	160	10	5,88%	1	1	70	70	0.98	1	1	160	0	10	0	T
p122#10	686	G	R	174	2	1,08%	1	1	71	68	0.98	1	1	174	0	2	0	A
p122#10	694	C	Y	152	17	10,06%	1	1	70	71	0.98	1	1	152	0	17	0	T
p122#10	696	G	R	177	1	0,56%	1	1	70	74	0.98	1	1	177	0	1	0	A
p122#10	697	C	Y	170	14	7,61%	1	1	70	69	0.98	1	1	170	0	14	0	T
p122#10	702	C	Y	149	27	15,34%	1	1	70	72	0.98	1	1	149	0	27	0	T
p122#10	703	C	Y	57	120	67,8%	1	1	71	71	0.98	1	1	57	0	120	0	T
p122#10	704	G	R	193	2	1,03%	1	1	70	74	0.98	1	1	193	0	2	0	A
p122#10	705	G	R	200	1	0,5%	1	1	70	74	0.98	1	1	200	0	1	0	A
p122#10	708	C	Y	204	3	1,45%	1	1	70	74	0.98	1	1	204	0	3	0	T
p122#10	711	C	Y	101	107	51,44%	1	1	72	71	0.98	1	1	101	0	107	0	T
p122#10	713	G	R	208	3	1,42%	1	1	72	74	0.98	1	1	208	0	3	0	A
p122#10	715	C	Y	182	39	17,65%	1	1	72	71	0.98	1	1	182	0	39	0	T
p122#10	716	G	R	213	2	0,93%	1	1	70	69	0.98	1	1	213	0	2	0	A
p122#10	717	G	R	207	1	0,48%	1	1	71	74	0.98	1	1	207	0	1	0	A
p122#10	721	G	R	215	2	0,92%	1	1	72	68	0.98	1	1	215	0	2	0	A
p122#10	724	G	R	213	4	1,84%	1	1	71	71	0.98	1	1	213	0	4	0	A
p122#10	728	C	Y	217	8	3,56%	1	1	71	74	0.98	1	1	217	0	8	0	T
p122#10	729	C	Y	194	26	11,82%	1	1	71	73	0.98	1	1	194	0	26	0	T
p122#10	731	C	Y	205	20	8,89%	1	1	71	69	0.98	1	1	205	0	20	0	T
p122#10	732	G	R	231	2	0,86%	1	1	71	74	0.98	1	1	231	0	2	0	A
p122#10	733	C	Y	204	32	13,56%	1	1	72	71	0.98	1	1	204	0	32	0	T
p122#10	735	G	R	222	6	2,63%	2	1	72	69	0.98	1	1	221	1	6	0	A
p122#10	741	C	Y	195	19	8,88%	2	1	70	67	0.98	1	1	194	1	19	0	T
p122#10	745	G	R	208	1	0,48%	2	1	70	74	0.98	1	1	207	1	1	0	A
p122#10	748	G	R	204	10	4,67%	2	1	71	70	0.98	1	1	203	1	10	0	A
p122#10	756	C	Y	180	30	14,29%	1	1	70	68	0.98	1	1	180	0	30	0	T
p122#10	758	C	Y	208	4	1,89%	2	1	72	74	0.98	1	1	207	1	4	0	T
p122#10	759	C	Y	190	23	10,8%	1	2	69	71	0.98	1	1	190	0	22	1	T
p122#10	760	G	R	220	2	0,9%	2	1	71	74	0.98	1	1	219	1	2	0	A
p122#10	762	C	Y	194	31	13,78%	1	2	72	67	0.98	1	1	194	0	30	1	T
p122#10	765	G	R	224	2	0,88%	2	1	71	68	0.98	1	1	223	1	2	0	A
p122#10	766	C	Y	181	47	20,61%	1	1	70	72	0.98	1	1	181	0	47	0	T
p122#10	768	G	R	230	2	0,86%	2	1	72	58	0.98	1	1	229	1	2	0	A
p122#10	770	G	R	229	1	0,43%	2	1	72	74	0.98	1	1	228	1	1	0	A
p122#10	773	G	R	222	2	0,89%	2	1	72	74	0.98	1	1	221	1	2	0	A
p122#10	777	C	Y	194	14	6,73%	1	1	72	74	0.98	1	1	194	0	14	0	T
p122#10	778	C	Y	201	3	1,47%	2	1	71	74	0.98	1	1	200	1	3	0	T
p122#10	782	G	R	201	2	0,99%	2	1	72	74	0.98	1	1	200	1	2	0	A
p122#10	786	C	Y	165	28	14,51%	1	2	71	71	0.98	1	1	165	0	27	1	T
p122#10	787	G	R	181	2	1,09%	1	1	71	74	0.98	1	1	181	0	2	0	A
p122#10	788	G	R	180	2	1,1%	2	1	72	74	0.98	1	1	179	1	2	0	A
p122#10	792	C	Y	143	28	16,37%	1	2	72	70	0.98	1	1	143	0	27	1	T
p122#10	795	C	Y	153	15	8,93%	1	1	72	72	0.98	1	1	153	0	15	0	T
p122#10	798	C	Y	177	10	5,35%	1	1	70	70	0.98	1	1	177	0	10	0	T
p122#10	800	C	Y	185	1	0,54%	1	1	71	74	0.98	1	1	185	0	1	0	T
p122#10	801	C	Y	166	25	13,09%	1	1	71	71	0.98	1	1	166	0	25	0	T
p122#10	804	C	Y	157	42	21,11%	1	1	72	69	0.98	1	1	157	0	42	0	T
p122#10	807	C	Y	87	102	53,97%	1	1	72	70	0.98	1	1	87	0	102	0	T
p122#10	808	G	R	188	2	1,05%	1	1	71	74	0.98	1	1	188	0	2	0	A
p122#10	811	G	R	180	2	1,1%	1	1	72	74	0.98	1	1	180	0	2	0	A
p122#10	814	C	Y	108	61	36,09%	1	1	72	72	0.98	1	1	108	0	61	0	T
p122#10	818	A	R	155	1	0,64%	1	1	72	62	0.98	1	1	155	0	1	0	G
p122#10	819	C	Y	134	23	14,65%	1	1	72	69	0.98	1	1	134	0	23	0	T
p122#10	821	C	Y	153	5	3,16%	1	1	72	74	0.98	1	1	153	0	5	0	T
p122#10	825	C	Y	135	22	14,01%	1	1	71	73	0.98	1	1	135	0	22	0	T
p122#10	826	C	Y	152	7	4,4%	1	1	69	74	0.98	1	1	152	0	7	0	T
p122#10	827	C	Y	161	4	2,42%	1	1	71	74	0.98	1	1	161	0	4	0	T
p122#10	832	G	R	166	2	1,19%	1	1	72	74	0.98	1	1	166	0	2	0	A
p122#10	836	C	Y	164	5	2,96%	1	1	71	74	0.98	1	1	164	0	5	0	T
p122#10	837	C	Y	162	7	4,09%	1	1	71	70	0.98	1	1	162	0	7	0	T
p122#10	840	C	Y	50	113	69,33%	1	1	70	70	0.98	1	1	50	0	113	0	T
p122#10	841	C	Y	95	75	44,12%	1	1	69	71	0.98	1	1	95	0	75	0	T
p122#10	842	G	R	181	2	1,09%	1	1	71	74	0.98	1	1	181	0	2	0	A
p122#10	848	G	R	164	3	1,8%	1	1	72	74	0.98	1	1	164	0	3	0	A
p122#10	850	C	Y	158	14	8,14%	1	1	72	68	0.98	1	1	158	0	14	0	T
p122#10	852	G	R	171	2	1,16%	1	1	72	71	0.98	1	1	171	0	2	0	A
p122#10	856	C	Y	119	54	31,21%	1	1	72	68	0.98	1	1	119	0	54	0	T
p122#10	858	G	R	187	2	1,06%	1	1	70	68	0.98	1	1	187	0	2	0	A
p122#10	859	G	R	179	1	0,56%	1	1	72	62	0.98	1	1	179	0	1	0	A
p122#10	864	C	Y	154	29	15,85%	1	1	72	73	0.98	1	1	154	0	29	0	T
p122#10	865	C	Y	149	35	19,02%	1	1	71	72	0.98	1	1	149	0	35	0	T
p122#10	867	G	R	192	1	0,52%	1	1	71	74	0.98	1	1	192	0	1	0	A
p122#10	868	G	R	188	1	0,53%	1	1	72	74	0.98	1	1	188	0	1	0	A
p122#10	873	C	Y	132	49	27,07%	1	1	72	70	0.98	1	1	132	0	49	0	T
p122#10	875	G	R	191	1	0,52%	1	1	71	74	0.98	1	1	191	0	1	0	A
p122#10	876	C	Y	189	2	1,05%	1	1	70	74	0.98	1	1	189	0	2	0	T
p122#10	877	C	Y	151	31	17,03%	1	1	72	70	0.98	1	1	151	0	31	0	T
p122#10	879	G	R	176	1	0,56%	1	1	72	62	0.98	1	1	176	0	1	0	A
p122#10	888	C	Y	144	33	18,64%	1	1	72	71	0.98	1	1	144	0	33	0	T
p122#10	892	C	Y	157	28	15,14%	1	1	72	67	0.98	1	1	157	0	28	0	T
p122#10	894	C	Y	187	1	0,53%	1	1	71	74	0.98	1	1	187	0	1	0	T
p122#10	899	G	R	193	5	2,53%	1	1	71	68	0.98	1	1	193	0	5	0	A
p122#10	902	C	Y	185	10	5,13%	1	1	71	74	0.98	1	1	185	0	10	0	T
p122#10	903	C	Y	159	34	17,62%	1	1	71	71	0.98	1	1	159	0	34	0	T
p122#10	904	G	R	207	3	1,43%	1	1	72	70	0.98	1	1	207	0	3	0	A
p122#10	907	C	Y	204	14	6,42%	1	1	72	72	0.98	1	1	204	0	14	0	T
p122#10	913	C	Y	220	11	4,76%	1	1	72	70	0.98	1	1	220	0	11	0	T
p122#10	916	C	Y	215	29	11,89%	1	1	71	71	0.98	1	1	215	0	29	0	T
p122#10	918	G	R	254	1	0,39%	1	1	72	74	0.98	1	1	254	0	1	0	A
p122#10	922	C	Y	251	14	5,28%	1	1	73	70	0.98	1	1	251	0	14	0	T
p122#10	924	G	R	246	2	0,81%	1	1	72	74	0.98	1	1	246	0	2	0	A
p122#10	925	G	R	246	2	0,81%	1	1	72	74	0.98	1	1	246	0	2	0	A
p122#10	930	C	Y	228	14	5,79%	1	1	72	74	0.98	1	1	228	0	14	0	T
p122#10	931	C	Y	223	14	5,91%	1	1	71	74	0.98	1	1	223	0	14	0	T
p122#10	932	C	Y	186	57	23,36%	1	1	72	73	0.98	1	1	186	0	57	0	T
p122#10	936	C	Y	153	79	34,05%	1	1	72	70	0.98	1	1	153	0	79	0	T
p122#10	937	G	R	226	3	1,31%	1	1	71	74	0.98	1	1	226	0	3	0	A
p122#10	940	C	Y	202	19	8,6%	1	1	72	72	0.98	1	1	202	0	19	0	T
p122#10	941	G	R	216	1	0,46%	1	1	72	74	0.98	1	1	216	0	1	0	A
p122#10	943	C	Y	183	31	14,49%	1	1	73	72	0.98	1	1	183	0	31	0	T
p122#10	946	C	Y	207	18	8%	1	1	72	73	0.98	1	1	207	0	18	0	T
p122#10	951	C	Y	226	3	1,31%	1	1	72	74	0.98	1	1	226	0	3	0	T
p122#10	953	C	Y	230	1	0,43%	1	1	71	74	0.98	1	1	230	0	1	0	T
p122#10	954	C	Y	223	9	3,88%	1	1	72	71	0.98	1	1	223	0	9	0	T
p122#10	958	G	R	236	3	1,26%	1	1	71	74	0.98	1	1	236	0	3	0	A
p122#10	963	C	Y	207	11	5,05%	1	1	71	70	0.98	1	1	207	0	11	0	T
p122#10	967	C	Y	97	113	53,81%	1	1	73	71	0.98	1	1	97	0	113	0	T
p122#10	968	A	R	217	1	0,46%	1	1	72	74	0.98	1	1	217	0	1	0	G
p122#10	969	G	R	210	2	0,94%	1	1	72	74	0.98	1	1	210	0	2	0	A
p122#10	975	C	Y	130	89	40,64%	1	1	71	70	0.98	1	1	130	0	89	0	T
p122#10	976	G	R	232	1	0,43%	1	1	70	74	0.98	1	1	232	0	1	0	A
p122#10	979	C	Y	208	20	8,77%	1	1	72	68	0.98	1	1	208	0	20	0	T
p122#10	981	G	R	223	1	0,44%	1	1	71	74	0.98	1	1	223	0	1	0	A
p122#10	981	G	K	223	1	0,44%	1	1	71	74	0.98	1	1	223	0	1	0	A
p122#10	982	G	R	229	1	0,43%	1	1	70	74	0.98	1	1	229	0	1	0	A
p122#10	986	C	Y	222	2	0,89%	1	1	71	74	0.98	1	1	222	0	2	0	T
p122#10	987	C	Y	216	3	1,37%	1	1	72	74	0.98	1	1	216	0	3	0	T
p122#10	990	C	Y	143	78	35,29%	1	1	72	72	0.98	1	1	143	0	78	0	T
p122#10	991	G	R	215	4	1,83%	1	1	72	71	0.98	1	1	215	0	4	0	A
p122#10	994	C	Y	185	59	24,18%	1	1	72	69	0.98	1	1	185	0	59	0	T
p122#10	998	C	Y	213	18	7,79%	1	1	71	71	0.98	1	1	213	0	18	0	T
p122#10	1002	C	Y	213	3	1,39%	1	1	71	74	0.98	1	1	213	0	3	0	T
p122#10	1005	C	Y	131	82	38,5%	1	1	72	70	0.98	1	1	131	0	82	0	T
p122#10	1007	C	Y	215	2	0,92%	1	1	70	74	0.98	1	1	215	0	2	0	T
p122#10	1008	C	Y	222	3	1,33%	1	1	70	70	0.98	1	1	222	0	3	0	T
p122#10	1011	C	Y	129	97	42,92%	1	1	72	70	0.98	1	1	129	0	97	0	T
p122#10	1014	C	Y	236	13	5,22%	1	1	69	71	0.98	1	1	236	0	13	0	T
p122#10	1017	C	Y	103	136	56,9%	1	1	70	71	0.98	1	1	103	0	136	0	T
p122#10	1018	G	R	235	10	4,08%	1	1	71	72	0.98	1	1	235	0	10	0	A
p122#10	1023	C	Y	100	125	55,56%	1	1	72	72	0.98	1	1	100	0	125	0	T
p122#10	1029	C	Y	119	88	42,51%	1	1	71	72	0.98	1	1	119	0	88	0	T
p122#10	1032	G	R	201	2	0,99%	1	1	71	69	0.98	1	1	201	0	2	0	A
p122#10	1035	C	Y	191	9	4,5%	1	1	70	69	0.98	1	1	191	0	9	0	T
p122#10	1036	G	R	194	1	0,51%	1	1	71	74	0.98	1	1	194	0	1	0	A
p122#10	1041	C	Y	123	64	34,22%	1	1	72	71	0.98	1	1	123	0	64	0	T
p122#10	1043	G	R	189	4	2,07%	1	1	71	63	0.98	1	1	189	0	4	0	A
p122#10	1046	C	Y	203	3	1,46%	1	1	70	69	0.98	1	1	203	0	3	0	T
p122#10	1047	C	Y	194	12	5,83%	1	1	71	71	0.98	1	1	194	0	12	0	T
p122#10	1050	C	Y	107	82	43,39%	1	1	70	71	0.98	1	1	107	0	82	0	T
p122#10	1051	C	Y	147	43	22,63%	1	1	71	69	0.98	1	1	147	0	43	0	T
p122#10	1056	G	R	201	2	0,99%	2	1	72	61	0.98	1	1	200	1	2	0	A
p122#10	1059	C	Y	198	9	4,35%	2	1	71	70	0.98	1	1	197	1	9	0	T
p122#10	1063	G	R	210	3	1,41%	2	1	71	67	0.98	1	1	209	1	3	0	A
p122#10	1067	C	Y	122	83	40,49%	1	2	71	71	0.98	1	1	122	0	82	1	T
p122#10	1068	G	R	207	1	0,48%	2	1	68	74	0.98	1	1	206	1	1	0	A
p122#10	1069	C	Y	211	7	3,21%	2	1	70	74	0.98	1	1	210	1	7	0	T
p122#10	1077	C	Y	170	37	17,87%	2	1	69	70	0.98	1	1	169	1	37	0	T
p122#10	1081	G	R	191	16	7,73%	2	1	70	72	0.98	1	1	190	1	16	0	A
p122#10	1084	G	R	193	11	5,39%	1	2	72	70	0.98	1	1	193	0	10	1	A
p122#10	1088	G	R	186	1	0,53%	2	1	68	74	0.98	1	1	185	1	1	0	A
p122#10	1089	C	Y	171	16	8,56%	2	1	68	74	0.98	1	1	170	1	16	0	T
p122#10	1090	C	Y	173	16	8,47%	1	1	70	71	0.98	1	1	173	0	16	0	T
p122#10	1093	G	R	188	1	0,53%	1	1	71	74	0.98	1	1	188	0	1	0	A
p122#10	1098	C	Y	126	49	28%	1	1	70	69	0.98	1	1	126	0	49	0	T
p122#10	1101	C	Y	144	33	18,64%	1	1	70	71	0.98	1	1	144	0	33	0	T
p122#10	1104	C	Y	105	75	41,67%	1	1	70	70	0.98	1	1	105	0	75	0	T
p122#10	1106	C	Y	190	4	2,06%	1	1	69	71	0.98	1	1	190	0	4	0	T
p122#10	1107	C	Y	180	8	4,26%	1	1	70	74	0.98	1	1	180	0	8	0	T
p122#10	1116	C	Y	162	12	6,9%	1	1	69	73	0.98	1	1	162	0	12	0	T
p122#10	1117	C	Y	153	20	11,56%	1	1	69	71	0.98	1	1	153	0	20	0	T
p122#10	1122	C	Y	135	45	25%	1	1	70	71	0.98	1	1	135	0	45	0	T
p122#10	1125	C	Y	175	14	7,41%	1	1	69	70	0.98	1	1	175	0	14	0	T
p122#10	1126	C	Y	160	23	12,57%	1	1	68	73	0.98	1	1	160	0	23	0	T
p122#10	1128	C	Y	175	22	11,17%	1	1	71	70	0.98	1	1	175	0	22	0	T
p122#10	1129	C	Y	177	18	9,23%	1	1	69	72	0.98	1	1	177	0	18	0	T
p122#10	1134	G	R	184	2	1,08%	1	1	70	74	0.98	1	1	184	0	2	0	A
p122#10	1137	C	Y	182	8	4,21%	1	1	70	70	0.98	1	1	182	0	8	0	T
p122#10	1138	C	Y	178	20	10,1%	1	1	69	70	0.98	1	1	178	0	20	0	T
p122#10	1139	G	R	197	2	1,01%	1	1	70	68	0.98	1	1	197	0	2	0	A
p122#10	1140	C	Y	199	1	0,5%	1	1	71	74	0.98	1	1	199	0	1	0	T
p122#10	1144	G	R	207	1	0,48%	1	1	71	74	0.98	1	1	207	0	1	0	A
p122#10	1145	C	Y	200	2	0,99%	1	1	69	66	0.98	1	1	200	0	2	0	T
p122#10	1146	C	Y	202	11	5,16%	1	1	71	72	0.98	1	1	202	0	11	0	T
p122#10	1150	C	Y	187	19	9,22%	1	1	71	68	0.98	1	1	187	0	19	0	T
p122#10	1161	G	R	246	1	0,4%	1	1	70	74	0.98	1	1	246	0	1	0	A
p122#10	1164	G	R	248	2	0,8%	1	1	71	68	0.98	1	1	248	0	2	0	A
p122#10	1167	C	Y	232	14	5,69%	1	1	71	71	0.98	1	1	232	0	14	0	T
p122#10	1168	C	Y	222	26	10,48%	1	1	72	73	0.98	1	1	222	0	26	0	T
p122#10	1174	C	Y	230	12	4,96%	1	1	70	70	0.98	1	1	230	0	12	0	T
p122#10	1182	C	Y	157	68	30,22%	1	1	71	70	0.98	1	1	157	0	68	0	T
p122#10	1189	C	Y	220	5	2,22%	1	1	70	74	0.98	1	1	220	0	5	0	T
p122#10	1191	G	R	222	3	1,33%	1	1	72	74	0.98	1	1	222	0	3	0	A
p122#10	1196	C	Y	203	22	9,78%	1	1	69	71	0.98	1	1	203	0	22	0	T
p122#10	1197	C	Y	128	88	40,74%	1	1	70	71	0.98	1	1	128	0	88	0	T
p122#10	1198	G	R	218	3	1,36%	1	1	71	69	0.98	1	1	218	0	3	0	A
p122#10	1201	G	R	235	1	0,42%	1	1	72	64	0.98	1	1	235	0	1	0	A
p122#10	1203	G	R	237	1	0,42%	1	1	72	74	0.98	1	1	237	0	1	0	A
p122#10	1204	G	R	239	1	0,42%	1	1	72	62	0.98	1	1	239	0	1	0	A
p122#10	1207	C	Y	212	21	9,01%	1	1	71	72	0.98	1	1	212	0	21	0	T
p122#10	1208	C	Y	194	32	14,16%	1	1	71	71	0.98	1	1	194	0	32	0	T
p122#10	1209	G	R	238	8	3,25%	1	1	72	72	0.98	1	1	238	0	8	0	A
p122#10	1213	C	Y	217	32	12,85%	1	1	71	69	0.98	1	1	217	0	32	0	T
p122#10	1215	G	R	257	2	0,77%	1	1	72	74	0.98	1	1	257	0	2	0	A
p122#10	1218	G	R	272	2	0,73%	1	1	72	68	0.98	1	1	272	0	2	0	A
p122#10	1219	G	R	270	5	1,82%	1	1	72	67	0.98	1	1	270	0	5	0	A
p122#10	1222	C	Y	265	19	6,69%	1	1	71	69	0.98	1	1	265	0	19	0	T
p122#10	1224	G	R	293	1	0,34%	1	1	72	74	0.98	1	1	293	0	1	0	A
p122#10	1227	C	Y	272	13	4,56%	1	1	72	72	0.98	1	1	272	0	13	0	T
p122#10	1230	C	Y	270	9	3,23%	1	1	72	71	0.98	1	1	270	0	9	0	T
p122#10	1231	G	R	265	7	2,57%	1	1	72	66	0.98	1	1	265	0	7	0	A
p122#10	1233	T	Y	260	1	0,38%	1	1	71	74	0.98	1	1	260	0	1	0	C
p122#10	1234	G	R	261	3	1,14%	1	1	73	63	0.98	1	1	261	0	3	0	A
p122#10	1237	A	R	260	1	0,38%	1	1	72	74	0.98	1	1	260	0	1	0	G
p122#10	1240	G	R	240	1	0,41%	1	1	71	74	0.98	1	1	240	0	1	0	A
p122#10	1243	C	Y	204	35	14,64%	1	1	73	72	0.98	1	1	204	0	35	0	T
p122#10	1248	A	R	242	1	0,41%	1	1	72	74	0.98	1	1	242	0	1	0	G
p122#10	1251	C	Y	130	111	46,06%	1	1	72	68	0.98	1	1	130	0	111	0	T
p122#10	1254	T	Y	256	1	0,39%	1	1	71	74	0.98	1	1	256	0	1	0	C
p122#10	1255	G	R	255	4	1,54%	1	1	72	59	0.98	1	1	255	0	4	0	A
p122#10	1257	T	K	252	1	0,4%	1	1	70	74	0.98	1	1	252	0	1	0	G
p122#10	1258	C	M	123	1	0,4%	1	1	72	74	0.98	1	1	123	0	1	0	A
p122#10	1258	C	Y	123	129	50,99%	1	1	72	70	0.98	1	1	123	0	129	0	T
p122#10	1259	G	R	263	1	0,38%	1	1	71	74	0.98	1	1	263	0	1	0	A
p122#10	1260	C	Y	230	31	11,88%	1	1	72	71	0.98	1	1	230	0	31	0	T
p122#10	1263	C	Y	248	10	3,88%	1	1	72	71	0.98	1	1	248	0	10	0	T
p122#10	1266	A	R	233	1	0,43%	1	1	71	74	0.98	1	1	233	0	1	0	G
p122#10	1267	G	R	237	1	0,42%	1	1	72	74	0.98	1	1	237	0	1	0	A
p122#10	1270	G	R	235	2	0,84%	1	1	73	74	0.98	1	1	235	0	2	0	A
p122#10	1275	C	Y	224	11	4,68%	1	1	72	70	0.98	1	1	224	0	11	0	T
p122#10	1276	G	R	229	2	0,87%	1	1	73	57	0.98	1	1	229	0	2	0	A
p122#10	1280	C	Y	212	11	4,93%	1	1	72	72	0.98	1	1	212	0	11	0	T
p122#10	1281	G	R	223	1	0,45%	1	1	72	74	0.98	1	1	223	0	1	0	A
p122#10	1283	C	Y	204	14	6,42%	1	1	72	70	0.98	1	1	204	0	14	0	T
p122#10	1284	G	R	208	3	1,42%	1	1	72	74	0.98	1	1	208	0	3	0	A
p122#10	1287	C	Y	164	38	18,81%	1	1	72	72	0.98	1	1	164	0	38	0	T
p122#10	1290	C	Y	183	17	8,5%	1	1	72	73	0.98	1	1	183	0	17	0	T
p122#10	1294	C	Y	183	8	4,19%	1	1	73	74	0.98	1	1	183	0	8	0	T
p122#10	1298	C	Y	189	3	1,56%	1	1	72	70	0.98	1	1	189	0	3	0	T
p122#10	1299	C	Y	182	4	2,15%	1	1	72	74	0.98	1	1	182	0	4	0	T
p122#10	1300	C	Y	182	3	1,62%	1	1	73	70	0.98	1	1	182	0	3	0	T
p122#10	1302	G	R	187	3	1,58%	1	1	73	74	0.98	1	1	187	0	3	0	A
p122#10	1311	C	Y	183	22	10,73%	1	1	72	69	0.98	1	1	183	0	22	0	T
p122#10	1313	G	R	206	1	0,48%	1	1	72	74	0.98	1	1	206	0	1	0	A
p122#10	1314	C	Y	202	8	3,81%	1	1	70	74	0.98	1	1	202	0	8	0	T
p122#10	1316	C	Y	210	1	0,47%	1	1	71	74	0.98	1	1	210	0	1	0	T
p122#10	1317	C	Y	162	38	19%	1	1	71	70	0.98	1	1	162	0	38	0	T
p122#10	1319	C	Y	157	40	20,3%	1	1	72	70	0.98	1	1	157	0	40	0	T
p122#10	1320	G	R	195	1	0,51%	1	1	72	74	0.98	1	1	195	0	1	0	A
p122#10	1320	G	S	195	2	1,01%	1	1	72	68	0.98	1	1	195	0	2	0	C
p122#10	1326	A	R	194	1	0,51%	1	1	71	74	0.98	1	1	194	0	1	0	G
p122#10	1327	C	Y	172	22	11,34%	1	1	73	69	0.98	1	1	172	0	22	0	T
p122#10	1330	C	Y	185	4	2,12%	1	1	71	73	0.98	1	1	185	0	4	0	T
p122#10	1331	C	Y	170	19	10,05%	1	1	72	71	0.98	1	1	170	0	19	0	T
p122#10	1332	G	R	180	2	1,1%	1	1	72	63	0.98	1	1	180	0	2	0	A
p122#10	1334	T	Y	185	1	0,54%	1	1	72	74	0.98	1	1	185	0	1	0	C
p122#10	1335	C	Y	182	4	2,15%	1	1	72	58	0.98	1	1	182	0	4	0	T
p122#10	1337	C	Y	176	4	2,22%	1	1	71	68	0.98	1	1	176	0	4	0	T
p122#10	1343	C	Y	162	9	5,26%	1	1	72	70	0.98	1	1	162	0	9	0	T
p122#10	1346	C	Y	173	3	1,7%	1	1	73	70	0.98	1	1	173	0	3	0	T
p122#10	1347	G	R	178	1	0,56%	1	1	71	74	0.98	1	1	178	0	1	0	A
p122#10	1348	C	Y	173	4	2,26%	1	1	73	60	0.98	1	1	173	0	4	0	T
p122#10	1351	G	R	180	1	0,55%	1	1	72	74	0.98	1	1	180	0	1	0	A
p122#10	1353	G	R	172	1	0,58%	1	1	73	62	0.98	1	1	172	0	1	0	A
p122#10	1355	C	Y	165	3	1,79%	1	1	72	74	0.98	1	1	165	0	3	0	T
p122#10	1356	C	Y	155	10	6,06%	1	1	72	68	0.98	1	1	155	0	10	0	T
p122#10	1358	C	Y	176	2	1,12%	1	1	72	74	0.98	1	1	176	0	2	0	T
p122#10	1360	C	Y	174	4	2,25%	1	1	73	67	0.98	1	1	174	0	4	0	T
p122#10	1362	G	R	189	3	1,56%	1	1	73	61	0.98	1	1	189	0	3	0	A
p122#10	1364	C	Y	200	1	0,5%	1	1	72	74	0.98	1	1	200	0	1	0	T
p122#10	1365	C	Y	189	7	3,57%	1	1	72	72	0.98	1	1	189	0	7	0	T
p122#10	1371	C	Y	198	13	6,16%	1	1	71	73	0.98	1	1	198	0	13	0	T
p122#10	1375	C	Y	168	39	18,84%	1	1	72	70	0.98	1	1	168	0	39	0	T
p122#10	1376	A	R	209	1	0,48%	1	1	70	74	0.98	1	1	209	0	1	0	G
p122#10	1385	C	Y	203	14	6,45%	1	1	71	74	0.98	1	1	203	0	14	0	T
p122#10	1387	C	Y	218	3	1,36%	1	1	71	74	0.98	1	1	218	0	3	0	T
p122#10	1392	C	Y	199	3	1,49%	1	1	71	70	0.98	1	1	199	0	3	0	T
p122#10	1393	C	Y	178	20	10,1%	1	1	71	72	0.98	1	1	178	0	20	0	T
p122#10	1394	C	Y	105	89	45,88%	1	1	72	71	0.98	1	1	105	0	89	0	T
p122#10	1395	G	R	211	3	1,4%	1	1	69	74	0.98	1	1	211	0	3	0	A
p122#10	1399	C	Y	96	108	52,94%	1	1	73	70	0.98	1	1	96	0	108	0	T
p122#10	1401	C	Y	200	9	4,31%	1	1	71	73	0.98	1	1	200	0	9	0	T
p122#10	1403	T	Y	207	1	0,48%	1	1	72	74	0.98	1	1	207	0	1	0	C
p122#10	1404	G	R	202	3	1,46%	1	1	72	70	0.98	1	1	202	0	3	0	A
p122#10	1408	C	Y	144	64	30,77%	1	1	72	69	0.98	1	1	144	0	64	0	T
p122#10	1411	C	Y	175	30	14,63%	1	1	72	71	0.98	1	1	175	0	30	0	T
p122#10	1413	C	Y	186	12	6,06%	1	1	73	70	0.98	1	1	186	0	12	0	T
p122#10	1422	C	Y	91	89	49,44%	1	1	71	72	0.98	1	1	91	0	89	0	T
p122#10	1427	C	Y	97	112	53,59%	1	1	72	70	0.98	1	1	97	0	112	0	T
p122#10	1428	G	R	215	2	0,92%	1	1	70	74	0.98	1	1	215	0	2	0	A
p122#10	1429	G	R	220	1	0,45%	1	1	71	74	0.98	1	1	220	0	1	0	A
p122#10	1430	C	Y	211	6	2,76%	1	1	72	69	0.98	1	1	211	0	6	0	T
p122#10	1431	C	Y	207	8	3,72%	1	1	72	66	0.98	1	1	207	0	8	0	T
p122#10	1435	C	Y	209	11	5%	1	1	71	74	0.98	1	1	209	0	11	0	T
p122#10	1436	C	Y	191	26	11,98%	1	1	72	73	0.98	1	1	191	0	26	0	T
p122#10	1438	G	R	206	1	0,48%	1	1	72	74	0.98	1	1	206	0	1	0	A
p122#10	1442	G	R	198	1	0,5%	1	1	72	48	0.98	1	1	198	0	1	0	A
p122#10	1443	C	Y	193	6	3,02%	1	1	71	70	0.98	1	1	193	0	6	0	T
p122#10	1450	C	Y	179	24	11,82%	1	1	72	72	0.98	1	1	179	0	24	0	T
p122#10	1453	G	R	203	1	0,49%	1	1	72	74	0.98	1	1	203	0	1	0	A
p122#10	1456	C	Y	159	48	23,19%	1	1	72	70	0.98	1	1	159	0	48	0	T
p122#10	1457	G	R	205	1	0,49%	1	1	71	74	0.98	1	1	205	0	1	0	A
p122#10	1460	C	Y	194	24	11,01%	1	1	71	71	0.98	1	1	194	0	24	0	T
p122#10	1461	G	R	214	2	0,93%	1	1	71	74	0.98	1	1	214	0	2	0	A
p122#10	1466	G	R	217	1	0,46%	1	1	69	74	0.98	1	1	217	0	1	0	A
p122#10	1467	C	Y	215	4	1,83%	1	1	72	74	0.98	1	1	215	0	4	0	T
p122#10	1474	G	R	223	1	0,45%	1	1	71	74	0.98	1	1	223	0	1	0	A
p122#10	1476	C	Y	212	17	7,42%	1	1	72	71	0.98	1	1	212	0	17	0	T
p122#10	1477	G	R	226	2	0,88%	1	1	72	61	0.98	1	1	226	0	2	0	A
p122#10	1480	G	R	221	2	0,9%	1	1	70	74	0.98	1	1	221	0	2	0	A
p122#10	1484	C	Y	187	21	10,1%	1	1	71	71	0.98	1	1	187	0	21	0	T
p122#10	1485	G	R	210	3	1,41%	1	1	71	70	0.98	1	1	210	0	3	0	A
p122#10	1493	C	Y	187	8	4,1%	1	1	70	74	0.98	1	1	187	0	8	0	T
p122#10	1494	C	Y	164	24	12,77%	1	1	71	71	0.98	1	1	164	0	24	0	T
p122#10	1495	C	Y	156	35	18,32%	1	1	72	72	0.98	1	1	156	0	35	0	T
p122#10	1497	C	Y	194	11	5,37%	1	1	72	72	0.98	1	1	194	0	11	0	T
p122#10	1499	C	Y	219	2	0,9%	1	1	71	68	0.98	1	1	219	0	2	0	T
p122#10	1504	G	R	222	1	0,45%	1	1	72	74	0.98	1	1	222	0	1	0	A
p122#10	1505	T	Y	223	1	0,45%	1	1	72	62	0.98	1	1	223	0	1	0	C
p122#10	1506	G	R	219	2	0,9%	1	1	71	74	0.98	1	1	219	0	2	0	A
p122#10	1512	C	Y	118	104	46,85%	1	1	72	71	0.98	1	1	118	0	104	0	T
p122#10	1513	G	R	231	1	0,43%	1	1	70	74	0.98	1	1	231	0	1	0	A
p122#10	1518	C	Y	233	11	4,51%	1	1	70	65	0.98	1	1	233	0	11	0	T
p122#10	1519	G	R	233	3	1,27%	1	1	70	66	0.98	1	1	233	0	3	0	A
p122#10	1523	C	Y	242	5	2,02%	1	1	71	71	0.98	1	1	242	0	5	0	T
p122#10	1524	C	Y	247	4	1,59%	1	1	69	74	0.98	1	1	247	0	4	0	T
p122#10	1525	C	Y	250	4	1,57%	1	1	69	70	0.98	1	1	250	0	4	0	T
p122#10	1526	T	Y	257	1	0,39%	1	1	71	74	0.98	1	1	257	0	1	0	C
p122#10	1528	G	R	253	1	0,39%	1	1	69	74	0.98	1	1	253	0	1	0	A
p122#10	1533	C	Y	239	12	4,78%	1	1	70	74	0.98	1	1	239	0	12	0	T
p122#10	1534	C	Y	190	62	24,6%	1	1	68	71	0.98	1	1	190	0	62	0	T
p122#10	1535	G	R	247	1	0,4%	1	1	69	48	0.98	1	1	247	0	1	0	A
p122#10	1539	C	Y	66	164	71,3%	1	1	69	71	0.98	1	1	66	0	164	0	T
p122#10	1543	C	Y	208	8	3,7%	1	1	69	69	0.98	1	1	208	0	8	0	T
p122#10	1554	C	Y	125	61	32,8%	1	1	69	71	0.98	1	1	125	0	61	0	T
p122#10	1555	G	R	169	15	8,15%	1	1	67	70	0.98	1	1	169	0	15	0	A
p122#10	1560	C	Y	101	75	42,61%	1	1	68	70	0.98	1	1	101	0	75	0	T
p122#10	1564	G	R	158	1	0,63%	1	1	67	74	0.98	1	1	158	0	1	0	A
p122#10	1572	C	Y	132	4	2,94%	1	1	66	64	0.98	1	1	132	0	4	0	T
p122#10	1579	C	Y	95	38	28,57%	1	1	69	69	0.98	1	1	95	0	38	0	T
p122#10	1582	G	R	132	1	0,75%	1	1	70	74	0.98	1	1	132	0	1	0	A
p122#10	1585	C	Y	120	5	4%	1	1	68	74	0.98	1	1	120	0	5	0	T
p122#10	1591	C	Y	97	12	11,01%	1	1	67	71	0.98	1	1	97	0	12	0	T
p122#10	1602	C	Y	94	2	2,08%	1	1	66	74	0.98	1	1	94	0	2	0	T
p122#10	1605	C	Y	42	63	60%	1	1	67	68	0.98	1	1	42	0	63	0	T
p122#10	1610	C	Y	124	6	4,62%	1	1	70	66	0.98	1	1	124	0	6	0	T
p122#10	1611	C	Y	124	4	3,12%	1	1	68	67	0.98	1	1	124	0	4	0	T
p122#10	1612	C	Y	120	7	5,51%	1	1	69	66	0.98	1	1	120	0	7	0	T
p122#10	1614	C	Y	131	4	2,96%	1	1	70	74	0.98	1	1	131	0	4	0	T
p122#10	1617	C	Y	133	8	5,67%	1	1	69	67	0.98	1	1	133	0	8	0	T
p122#10	1620	G	R	141	1	0,7%	1	1	67	74	0.98	1	1	141	0	1	0	A
p122#10	1623	C	Y	145	3	2,03%	1	1	70	74	0.98	1	1	145	0	3	0	T
p122#10	1626	C	Y	86	58	40,28%	1	1	71	68	0.98	1	1	86	0	58	0	T
p122#10	1628	C	Y	139	7	4,79%	1	1	72	63	0.98	1	1	139	0	7	0	T
p122#10	1629	C	Y	116	31	21,09%	1	1	70	71	0.98	1	1	116	0	31	0	T
p122#10	1631	C	Y	147	16	9,82%	1	1	71	71	0.98	1	1	147	0	16	0	T
p122#10	1632	G	R	164	1	0,61%	1	1	68	74	0.98	1	1	164	0	1	0	A
p122#10	1633	G	R	157	1	0,63%	1	1	66	74	0.98	1	1	157	0	1	0	A
p122#10	1639	C	Y	87	52	37,41%	1	1	71	67	0.98	1	1	87	0	52	0	T
p122#10	1641	G	R	130	1	0,76%	1	1	63	74	0.98	1	1	130	0	1	0	A
p122#10	1647	C	Y	107	23	17,69%	1	1	72	73	0.98	1	1	107	0	23	0	T
p122#10	1650	C	Y	135	1	0,74%	1	1	72	74	0.98	1	1	135	0	1	0	T
p122#10	1658	C	Y	127	3	2,31%	1	1	70	74	0.98	1	1	127	0	3	0	T
p122#10	1659	C	Y	126	5	3,82%	1	1	72	71	0.98	1	1	126	0	5	0	T
p122#10	1665	C	Y	78	59	43,07%	1	1	71	72	0.98	1	1	78	0	59	0	T
p122#10	1671	C	Y	122	29	19,21%	1	1	72	69	0.98	1	1	122	0	29	0	T
p122#10	1672	C	Y	115	35	23,33%	1	1	69	71	0.98	1	1	115	0	35	0	T
p122#10	1674	C	Y	157	2	1,26%	1	1	70	74	0.98	1	1	157	0	2	0	T
p122#10	1675	C	Y	153	2	1,29%	1	1	71	74	0.98	1	1	153	0	2	0	T
p122#10	1683	G	R	163	2	1,21%	1	1	71	74	0.98	1	1	163	0	2	0	A
p122#10	1687	G	R	160	2	1,23%	1	1	73	74	0.98	1	1	160	0	2	0	A
p122#10	1695	C	Y	171	8	4,47%	1	1	71	72	0.98	1	1	171	0	8	0	T
p122#10	1699	C	Y	137	37	21,26%	1	1	73	70	0.98	1	1	137	0	37	0	T
p122#10	1702	C	Y	156	20	11,36%	1	1	73	72	0.98	1	1	156	0	20	0	T
p122#10	1706	C	Y	176	3	1,68%	1	1	71	74	0.98	1	1	176	0	3	0	T
p122#10	1707	C	Y	171	13	7,07%	1	1	72	66	0.98	1	1	171	0	13	0	T
p122#10	1711	C	Y	196	1	0,51%	1	1	73	48	0.98	1	1	196	0	1	0	T
p122#10	1713	C	Y	190	3	1,55%	1	1	72	70	0.98	1	1	190	0	3	0	T
p122#10	1717	C	Y	48	135	73,77%	1	1	73	71	0.98	1	1	48	0	135	0	T
p122#10	1720	C	Y	164	41	20%	1	1	71	68	0.98	1	1	164	0	41	0	T
p122#10	1725	C	Y	194	22	10,19%	1	1	72	66	0.98	1	1	194	0	22	0	T
p122#10	1727	C	Y	211	6	2,76%	1	1	73	70	0.98	1	1	211	0	6	0	T
p122#10	1729	C	Y	235	4	1,67%	1	1	71	74	0.98	1	1	235	0	4	0	T
p122#10	1730	C	Y	221	21	8,68%	1	1	71	69	0.98	1	1	221	0	21	0	T
p122#10	1731	G	R	244	7	2,79%	1	1	72	70	0.98	1	1	244	0	7	0	A
p122#10	1738	G	R	244	2	0,81%	1	1	73	74	0.98	1	1	244	0	2	0	A
p122#10	1743	C	Y	235	8	3,29%	1	1	72	74	0.98	1	1	235	0	8	0	T
p122#10	1744	C	Y	237	7	2,87%	1	1	72	74	0.98	1	1	237	0	7	0	T
p122#10	1745	C	Y	233	12	4,9%	1	1	72	73	0.98	1	1	233	0	12	0	T
p122#10	1749	C	Y	237	1	0,42%	1	1	73	74	0.98	1	1	237	0	1	0	T
p122#10	1750	C	Y	235	4	1,67%	1	1	72	71	0.98	1	1	235	0	4	0	T
p122#10	1752	G	R	246	1	0,4%	1	1	72	74	0.98	1	1	246	0	1	0	A
p122#10	1753	C	Y	230	20	8%	1	1	73	69	0.98	1	1	230	0	20	0	T
p122#10	1756	C	Y	241	7	2,82%	1	1	71	70	0.98	1	1	241	0	7	0	T
p122#10	1757	C	Y	216	29	11,84%	1	1	72	70	0.98	1	1	216	0	29	0	T
p122#10	1758	G	R	243	1	0,41%	1	1	71	74	0.98	1	1	243	0	1	0	A
p122#10	1761	C	Y	257	5	1,91%	1	1	72	74	0.98	1	1	257	0	5	0	T
p122#10	1765	C	Y	171	87	33,72%	1	1	73	71	0.98	1	1	171	0	87	0	T
p122#10	1767	C	Y	274	2	0,72%	1	1	72	74	0.98	1	1	274	0	2	0	T
p122#10	1769	A	W	270	1	0,37%	1	1	72	74	0.98	1	1	270	0	1	0	T
p122#10	1770	C	Y	268	5	1,83%	1	1	72	71	0.98	1	1	268	0	5	0	T
p122#10	1771	C	Y	245	29	10,58%	1	1	72	69	0.98	1	1	245	0	29	0	T
p122#10	1773	G	R	280	1	0,36%	1	1	73	74	0.98	1	1	280	0	1	0	A
p122#10	1778	C	Y	289	4	1,37%	1	1	72	74	0.98	1	1	289	0	4	0	T
p122#10	1779	C	Y	245	46	15,81%	1	1	71	72	0.98	1	1	245	0	46	0	T
p122#10	1780	C	Y	234	61	20,68%	1	1	71	70	0.98	1	1	234	0	61	0	T
p122#10	1782	G	R	296	1	0,34%	1	1	72	74	0.98	1	1	296	0	1	0	A
p122#10	1784	C	Y	286	7	2,39%	1	1	72	73	0.98	1	1	286	0	7	0	T
p122#10	1785	C	Y	271	13	4,58%	1	1	72	73	0.98	1	1	271	0	13	0	T
p122#10	1786	G	R	279	1	0,36%	1	1	73	74	0.98	1	1	279	0	1	0	A
p122#10	1788	G	R	269	3	1,1%	1	1	72	74	0.98	1	1	269	0	3	0	A
p122#10	1789	C	Y	263	2	0,75%	1	1	72	65	0.98	1	1	263	0	2	0	T
p122#10	1791	G	R	254	4	1,55%	1	1	72	64	0.98	1	1	254	0	4	0	A
p122#10	1793	C	Y	152	103	40,39%	1	1	72	71	0.98	1	1	152	0	103	0	T
p122#10	1798	G	R	234	1	0,43%	1	1	72	74	0.98	1	1	234	0	1	0	A
p122#10	1801	C	T	42	162	79,41%	1	1	71	71	0.98	1	1	42	0	162	0	T
p122#10	1802	C	T	22	183	89,27%	1	1	70	71	0.98	1	1	22	0	183	0	T
p122#10	1803	G	R	240	1	0,41%	1	1	70	62	0.98	1	1	240	0	1	0	A
p122#10	1806	C	Y	224	9	3,86%	1	1	71	70	0.98	1	1	224	0	9	0	T
p122#10	1807	G	R	225	1	0,44%	1	1	71	74	0.98	1	1	225	0	1	0	A
p122#10	1813	C	Y	201	11	5,19%	1	1	72	69	0.98	1	1	201	0	11	0	T
p122#10	1816	G	R	220	1	0,45%	1	1	73	62	0.98	1	1	220	0	1	0	A
p122#10	1818	C	Y	217	1	0,46%	1	1	72	74	0.98	1	1	217	0	1	0	T
p122#10	1819	C	Y	212	8	3,64%	1	1	72	65	0.98	1	1	212	0	8	0	T
p122#10	1821	C	Y	224	4	1,75%	1	1	72	64	0.98	1	1	224	0	4	0	T
p122#10	1824	G	R	221	2	0,9%	1	1	72	68	0.98	1	1	221	0	2	0	A
p122#10	1827	C	Y	186	23	11%	1	1	72	72	0.98	1	1	186	0	23	0	T
p122#10	1828	C	Y	201	12	5,63%	1	1	71	72	0.98	1	1	201	0	12	0	T
p122#10	1830	G	R	214	1	0,47%	1	1	71	74	0.98	1	1	214	0	1	0	A
p122#10	1831	C	Y	209	10	4,57%	1	1	72	72	0.98	1	1	209	0	10	0	T
p122#10	1833	G	R	206	1	0,48%	1	1	71	74	0.98	1	1	206	0	1	0	A
p122#10	1834	G	R	199	1	0,5%	1	1	72	74	0.98	1	1	199	0	1	0	A
p122#10	1844	C	Y	208	5	2,35%	1	1	73	74	0.98	1	1	208	0	5	0	T
p122#10	1845	G	R	206	2	0,96%	1	1	72	68	0.98	1	1	206	0	2	0	A
p122#10	1847	C	Y	214	4	1,83%	1	1	72	74	0.98	1	1	214	0	4	0	T
p122#10	1850	C	Y	195	16	7,58%	1	1	72	73	0.98	1	1	195	0	16	0	T
p122#10	1851	G	R	216	2	0,92%	1	1	70	69	0.98	1	1	216	0	2	0	A
p122#10	1852	G	R	209	1	0,48%	1	1	69	74	0.98	1	1	209	0	1	0	A
p122#10	1853	G	R	212	1	0,47%	1	1	72	74	0.98	1	1	212	0	1	0	A
p122#10	1857	C	Y	164	53	24,42%	1	1	73	70	0.98	1	1	164	0	53	0	T
p122#10	1859	C	Y	216	3	1,37%	1	1	72	74	0.98	1	1	216	0	3	0	T
p122#10	1860	C	Y	205	12	5,53%	1	1	71	74	0.98	1	1	205	0	12	0	T
p122#10	1861	C	Y	203	9	4,25%	1	1	71	74	0.98	1	1	203	0	9	0	T
p122#10	1863	C	Y	194	15	7,18%	1	1	73	70	0.98	1	1	194	0	15	0	T
p122#10	1864	G	R	206	1	0,48%	1	1	71	74	0.98	1	1	206	0	1	0	A
p122#10	1866	C	Y	197	2	1,01%	1	1	72	74	0.98	1	1	197	0	2	0	T
p122#10	1870	G	R	197	1	0,51%	1	1	72	74	0.98	1	1	197	0	1	0	A
p122#10	1872	C	Y	176	25	12,44%	1	1	70	70	0.98	1	1	176	0	25	0	T
p122#10	1873	G	R	199	2	1%	1	1	71	74	0.98	1	1	199	0	2	0	A
p122#10	1876	C	Y	195	8	3,94%	1	1	72	71	0.98	1	1	195	0	8	0	T
p122#10	1878	G	R	196	2	1,01%	1	1	71	74	0.98	1	1	196	0	2	0	A
p122#10	1888	C	Y	99	85	46,2%	1	1	71	70	0.98	1	1	99	0	85	0	T
p122#10	1890	C	Y	158	28	15,05%	1	1	70	72	0.98	1	1	158	0	28	0	T
p122#10	1891	G	R	182	1	0,55%	1	1	70	74	0.98	1	1	182	0	1	0	A
p122#10	1895	C	Y	170	4	2,3%	1	1	71	74	0.98	1	1	170	0	4	0	T
p122#10	1896	C	Y	166	1	0,6%	1	1	70	74	0.98	1	1	166	0	1	0	T
p122#10	1897	C	Y	164	3	1,8%	1	1	70	70	0.98	1	1	164	0	3	0	T
p122#10	1898	C	Y	158	5	3,07%	1	1	71	69	0.98	1	1	158	0	5	0	T
p122#10	1914	C	Y	104	34	24,64%	1	1	70	68	0.98	1	1	104	0	34	0	T
p122#10	1921	C	Y	107	32	23,02%	1	1	71	72	0.98	1	1	107	0	32	0	T
p122#10	1925	C	Y	58	83	58,87%	1	1	71	70	0.98	1	1	58	0	83	0	T
p122#10	1936	C	Y	98	39	28,47%	1	1	71	71	0.98	1	1	98	0	39	0	T
p122#10	1937	C	Y	111	27	19,57%	1	1	69	72	0.98	1	1	111	0	27	0	T
p122#10	1938	G	R	131	3	2,24%	1	1	70	74	0.98	1	1	131	0	3	0	A
p122#10	1939	C	Y	126	3	2,33%	1	1	71	64	0.98	1	1	126	0	3	0	T
p122#10	1941	C	Y	125	4	3,1%	1	1	71	71	0.98	1	1	125	0	4	0	T
p122#10	1944	G	R	122	3	2,4%	1	1	71	70	0.98	1	1	122	0	3	0	A
p122#10	1948	C	Y	114	9	7,32%	1	1	71	71	0.98	1	1	114	0	9	0	T
p122#10	1954	C	Y	127	9	6,62%	1	1	70	74	0.98	1	1	127	0	9	0	T
p122#10	1955	C	Y	122	13	9,63%	1	1	69	70	0.98	1	1	122	0	13	0	T
p122#10	1956	C	Y	124	17	12,06%	1	1	71	70	0.98	1	1	124	0	17	0	T
p122#10	1958	G	R	126	6	4,55%	1	1	71	67	0.98	1	1	126	0	6	0	A
p122#10	1966	C	Y	111	1	0,89%	1	1	70	74	0.98	1	1	111	0	1	0	T
p122#10	1969	C	Y	43	75	63,56%	1	1	71	70	0.98	1	1	43	0	75	0	T
p122#10	1979	G	R	133	3	2,19%	1	1	71	69	0.98	1	1	133	0	3	0	A
p122#10	1989	G	R	123	1	0,81%	1	1	72	62	0.98	1	1	123	0	1	0	A
p122#10	1995	G	R	126	2	1,56%	1	1	72	74	0.98	1	1	126	0	2	0	A
p122#10	1997	G	R	131	1	0,76%	1	1	71	74	0.98	1	1	131	0	1	0	A
p122#10	2002	C	Y	84	63	42,86%	1	1	71	71	0.98	1	1	84	0	63	0	T
p122#10	2005	C	Y	149	11	6,88%	1	1	70	74	0.98	1	1	149	0	11	0	T
p122#10	2010	C	Y	144	18	11,11%	1	1	70	74	0.98	1	1	144	0	18	0	T
p122#10	2011	C	Y	162	8	4,71%	1	1	68	72	0.98	1	1	162	0	8	0	T
p122#10	2016	C	Y	122	75	38,07%	1	1	72	70	0.98	1	1	122	0	75	0	T
p122#10	2018	C	Y	185	2	1,07%	1	1	70	74	0.98	1	1	185	0	2	0	T
p122#10	2019	C	Y	182	2	1,09%	1	1	69	68	0.98	1	1	182	0	2	0	T
p122#10	2020	C	Y	180	2	1,1%	1	1	71	74	0.98	1	1	180	0	2	0	T
p122#10	2026	C	Y	175	10	5,41%	1	1	69	68	0.98	1	1	175	0	10	0	T
p122#10	2027	C	Y	179	2	1,1%	1	1	66	74	0.98	1	1	179	0	2	0	T
p122#10	2028	C	Y	171	5	2,7%	1	1	69	74	0.98	1	1	171	0	5	0	T
p122#10	2036	C	Y	188	32	14,55%	1	1	69	70	0.98	1	1	188	0	32	0	T
p122#10	2037	G	R	228	1	0,44%	1	1	70	74	0.98	1	1	228	0	1	0	A
p122#10	2039	C	Y	239	2	0,83%	1	1	70	74	0.98	1	1	239	0	2	0	T
p122#10	2046	C	Y	245	2	0,81%	1	1	69	74	0.98	1	1	245	0	2	0	T
p122#10	2047	C	Y	246	4	1,6%	1	1	70	74	0.98	1	1	246	0	4	0	T
p122#10	2050	C	Y	213	18	7,79%	1	1	70	73	0.98	1	1	213	0	18	0	T
p122#10	2051	C	Y	225	17	7,02%	1	1	70	72	0.98	1	1	225	0	17	0	T
p122#10	2053	G	R	245	1	0,41%	1	1	71	74	0.98	1	1	245	0	1	0	A
p122#10	2060	C	Y	275	5	1,79%	1	1	70	66	0.98	1	1	275	0	5	0	T
p122#10	2062	C	Y	201	77	27,7%	1	1	72	70	0.98	1	1	201	0	77	0	T
p122#10	2064	C	Y	278	8	2,8%	1	1	70	72	0.98	1	1	278	0	8	0	T
p122#10	2065	C	Y	240	48	16,67%	1	1	69	71	0.98	1	1	240	0	48	0	T
p122#10	2066	C	Y	252	38	13,1%	1	1	71	71	0.98	1	1	252	0	38	0	T
p122#10	2072	C	Y	288	7	2,37%	1	1	71	72	0.98	1	1	288	0	7	0	T
p122#10	2074	C	Y	284	11	3,73%	1	1	72	69	0.98	1	1	284	0	11	0	T
p122#10	2076	G	R	287	2	0,69%	1	1	71	68	0.98	1	1	287	0	2	0	A
p122#10	2079	G	R	273	3	1,09%	1	1	72	65	0.98	1	1	273	0	3	0	A
p122#10	2089	G	R	242	1	0,41%	1	1	71	74	0.98	1	1	242	0	1	0	A
p122#10	2093	C	Y	225	2	0,88%	1	1	69	74	0.98	1	1	225	0	2	0	T
p122#10	2095	G	R	230	2	0,86%	1	1	72	74	0.98	1	1	230	0	2	0	A
p122#10	2098	G	R	228	3	1,3%	1	1	71	74	0.98	1	1	228	0	3	0	A
p122#10	2101	C	T	38	186	83,04%	1	1	72	71	0.98	1	1	38	0	186	0	T
p122#10	2103	G	R	233	6	2,51%	1	1	71	72	0.98	1	1	233	0	6	0	A
p122#10	2105	T	Y	245	1	0,41%	1	1	71	74	0.98	1	1	245	0	1	0	C
p122#10	2106	G	R	245	2	0,81%	1	1	71	68	0.98	1	1	245	0	2	0	A
p122#10	2107	G	R	256	2	0,78%	1	1	71	68	0.98	1	1	256	0	2	0	A
p122#10	2111	C	Y	242	2	0,82%	1	1	72	74	0.98	1	1	242	0	2	0	T
p122#10	2113	C	Y	222	15	6,33%	1	1	72	68	0.98	1	1	222	0	15	0	T
p122#10	2114	G	R	238	1	0,42%	1	1	73	74	0.98	1	1	238	0	1	0	A
p122#10	2119	G	R	227	1	0,44%	1	1	70	74	0.98	1	1	227	0	1	0	A
p122#10	2120	G	R	232	1	0,43%	1	1	72	66	0.98	1	1	232	0	1	0	A
p122#10	2124	C	Y	215	18	7,73%	1	1	70	68	0.98	1	1	215	0	18	0	T
p122#10	2127	C	T	49	177	78,32%	1	1	71	70	0.98	1	1	49	0	177	0	T
p122#10	2128	G	R	235	4	1,67%	1	1	70	71	0.98	1	1	235	0	4	0	A
p122#10	2131	C	Y	237	14	5,58%	1	1	71	72	0.98	1	1	237	0	14	0	T
p122#10	2133	G	R	255	1	0,39%	1	1	71	74	0.98	1	1	255	0	1	0	A
p122#10	2134	G	R	249	1	0,4%	1	1	71	74	0.98	1	1	249	0	1	0	A
p122#10	2137	C	Y	159	61	27,73%	1	1	71	73	0.98	1	1	159	0	61	0	T
p122#10	2139	C	Y	115	106	47,96%	1	1	71	70	0.98	1	1	115	0	106	0	T
p122#10	2142	C	Y	187	43	18,7%	1	1	71	70	0.98	1	1	187	0	43	0	T
p122#10	2145	C	Y	149	79	34,65%	1	1	72	71	0.98	1	1	149	0	79	0	T
p122#10	2146	G	R	223	2	0,89%	1	1	71	67	0.98	1	1	223	0	2	0	A
p122#10	2147	G	R	218	1	0,46%	1	1	71	74	0.98	1	1	218	0	1	0	A
p122#10	2151	G	R	204	4	1,92%	1	1	72	68	0.98	1	1	204	0	4	0	A
p122#10	2154	C	Y	163	35	17,68%	1	1	71	70	0.98	1	1	163	0	35	0	T
p122#10	2155	C	Y	176	19	9,74%	1	1	70	69	0.98	1	1	176	0	19	0	T
p122#10	2158	G	R	187	4	2,09%	1	1	72	67	0.98	1	1	187	0	4	0	A
p122#10	2160	G	R	188	2	1,05%	1	1	72	74	0.98	1	1	188	0	2	0	A
p122#10	2162	G	R	183	1	0,54%	1	1	72	74	0.98	1	1	183	0	1	0	A
p122#10	2167	C	Y	106	75	41,44%	1	1	70	68	0.98	1	1	106	0	75	0	T
p122#10	2169	C	Y	178	1	0,56%	1	1	69	74	0.98	1	1	178	0	1	0	T
p122#10	2170	C	Y	174	1	0,57%	1	1	71	74	0.98	1	1	174	0	1	0	T
p122#10	2171	C	Y	167	1	0,6%	1	1	71	74	0.98	1	1	167	0	1	0	T
p122#10	2172	C	Y	149	13	8,02%	1	1	71	73	0.98	1	1	149	0	13	0	T
p122#10	2173	G	R	156	1	0,64%	1	1	72	74	0.98	1	1	156	0	1	0	A
p122#10	2179	C	Y	131	14	9,66%	1	1	71	72	0.98	1	1	131	0	14	0	T
p122#10	2180	G	R	141	3	2,03%	1	1	71	74	0.98	1	1	141	0	3	0	A
p122#10	2185	C	Y	127	19	13,01%	1	1	71	71	0.98	1	1	127	0	19	0	T
p122#10	2186	C	Y	122	24	16,44%	1	1	70	72	0.98	1	1	122	0	24	0	T
p122#10	2190	G	R	140	1	0,71%	1	1	72	74	0.98	1	1	140	0	1	0	A
p122#10	2193	G	R	132	1	0,75%	1	1	72	74	0.98	1	1	132	0	1	0	A
p122#10	2196	C	Y	139	2	1,42%	1	1	72	74	0.98	1	1	139	0	2	0	T
p122#10	2206	G	R	145	1	0,68%	1	1	71	74	0.98	1	1	145	0	1	0	A
p122#10	2209	C	Y	117	37	24,03%	1	1	71	69	0.98	1	1	117	0	37	0	T
p122#10	2211	G	R	162	1	0,61%	1	1	71	62	0.98	1	1	162	0	1	0	A
p122#10	2218	G	R	183	1	0,54%	1	1	72	74	0.98	1	1	183	0	1	0	A
p122#10	2220	C	Y	169	15	8,15%	1	1	71	73	0.98	1	1	169	0	15	0	T
p122#10	2221	G	R	190	1	0,52%	1	1	72	63	0.98	1	1	190	0	1	0	A
p122#10	2222	C	Y	195	4	2,01%	1	1	72	66	0.98	1	1	195	0	4	0	T
p122#10	2224	G	R	190	1	0,52%	1	1	71	74	0.98	1	1	190	0	1	0	A
p122#10	2231	C	Y	135	40	22,86%	1	1	71	73	0.98	1	1	135	0	40	0	T
p122#10	2232	C	Y	172	11	6,01%	1	1	69	74	0.98	1	1	172	0	11	0	T
p122#10	2233	C	Y	171	19	10%	1	1	69	72	0.98	1	1	171	0	19	0	T
p122#10	2234	G	R	186	2	1,06%	1	1	72	74	0.98	1	1	186	0	2	0	A
p122#10	2239	G	R	188	1	0,53%	1	1	73	74	0.98	1	1	188	0	1	0	A
p122#10	2241	C	Y	181	5	2,69%	1	1	73	63	0.98	1	1	181	0	5	0	T
p122#10	2243	C	Y	176	1	0,56%	1	1	71	74	0.98	1	1	176	0	1	0	T
p122#10	2244	C	Y	141	31	18,02%	1	1	71	70	0.98	1	1	141	0	31	0	T
p122#10	2246	G	R	165	2	1,2%	1	1	72	74	0.98	1	1	165	0	2	0	A
p122#10	2248	C	Y	168	3	1,75%	1	1	72	74	0.98	1	1	168	0	3	0	T
p122#10	2254	C	Y	166	8	4,6%	1	1	72	69	0.98	1	1	166	0	8	0	T
p122#10	2257	C	Y	174	7	3,87%	1	1	73	64	0.98	1	1	174	0	7	0	T
p122#10	2259	C	Y	153	25	14,04%	1	1	73	72	0.98	1	1	153	0	25	0	T
p122#10	2263	C	Y	157	17	9,77%	1	1	73	73	0.98	1	1	157	0	17	0	T
p122#10	2266	C	Y	170	3	1,73%	1	1	72	65	0.98	1	1	170	0	3	0	T
p122#10	2267	G	R	169	2	1,17%	1	1	71	74	0.98	1	1	169	0	2	0	A
p122#10	2268	C	Y	176	2	1,12%	1	1	72	74	0.98	1	1	176	0	2	0	T
p122#10	2272	C	Y	183	7	3,68%	1	1	73	70	0.98	1	1	183	0	7	0	T
p122#10	2274	C	Y	188	5	2,59%	1	1	72	74	0.98	1	1	188	0	5	0	T
p122#10	2279	C	Y	176	31	14,98%	1	1	71	71	0.98	1	1	176	0	31	0	T
p122#10	2281	C	Y	79	123	60,89%	1	1	72	69	0.98	1	1	79	0	123	0	T
p122#10	2287	G	R	215	1	0,46%	1	1	73	74	0.98	1	1	215	0	1	0	A
p122#10	2289	C	Y	218	3	1,36%	1	1	72	61	0.98	1	1	218	0	3	0	T
p122#10	2292	G	R	224	5	2,18%	1	1	71	67	0.98	1	1	224	0	5	0	A
p122#10	2293	G	R	228	1	0,44%	1	1	72	74	0.98	1	1	228	0	1	0	A
p122#10	2296	G	R	235	1	0,42%	1	1	72	74	0.98	1	1	235	0	1	0	A
p122#10	2301	C	Y	215	5	2,27%	1	1	72	68	0.98	1	1	215	0	5	0	T
p122#10	2303	C	Y	178	32	15,24%	1	1	72	71	0.98	1	1	178	0	32	0	T
p122#10	2305	C	Y	204	5	2,39%	1	1	71	74	0.98	1	1	204	0	5	0	T
p122#10	2306	C	Y	180	30	14,29%	1	1	72	69	0.98	1	1	180	0	30	0	T
p122#10	2308	G	R	220	1	0,45%	1	1	72	74	0.98	1	1	220	0	1	0	A
p122#10	2310	C	Y	188	29	13,36%	1	1	72	71	0.98	1	1	188	0	29	0	T
p122#10	2312	C	Y	198	13	6,16%	1	1	72	73	0.98	1	1	198	0	13	0	T
p122#10	2314	G	R	210	1	0,47%	1	1	72	74	0.98	1	1	210	0	1	0	A
p122#10	2320	C	Y	184	10	5,15%	1	1	71	72	0.98	1	1	184	0	10	0	T
p122#10	2323	C	Y	147	30	16,95%	1	1	72	71	0.98	1	1	147	0	30	0	T
p122#10	2327	C	Y	112	60	34,68%	1	1	72	71	0.98	1	1	112	0	60	0	T
p122#10	2334	C	Y	161	5	3,01%	1	1	72	68	0.98	1	1	161	0	5	0	T
p122#10	2337	G	R	160	1	0,62%	1	1	72	74	0.98	1	1	160	0	1	0	A
p122#10	2339	C	Y	157	6	3,68%	1	1	71	67	0.98	1	1	157	0	6	0	T
p122#10	2347	G	R	139	1	0,71%	1	1	72	74	0.98	1	1	139	0	1	0	A
p122#10	2355	C	Y	130	17	11,56%	1	1	72	72	0.98	1	1	130	0	17	0	T
p122#10	2360	C	Y	151	3	1,95%	1	1	72	74	0.98	1	1	151	0	3	0	T
p122#10	2363	C	Y	141	3	2,08%	1	1	71	74	0.98	1	1	141	0	3	0	T
p122#10	2369	C	Y	162	7	4,14%	1	1	72	72	0.98	1	1	162	0	7	0	T
p122#10	2370	C	Y	151	19	11,18%	1	1	71	73	0.98	1	1	151	0	19	0	T
p122#10	2373	G	R	171	1	0,58%	1	1	72	74	0.98	1	1	171	0	1	0	A
p122#10	2377	G	R	160	3	1,84%	1	1	72	52	0.98	1	1	160	0	3	0	A
p122#10	2382	C	Y	166	8	4,6%	1	1	73	68	0.98	1	1	166	0	8	0	T
p122#10	2384	C	Y	174	4	2,25%	1	1	72	71	0.98	1	1	174	0	4	0	T
p122#10	2387	C	Y	156	35	18,32%	1	1	73	70	0.98	1	1	156	0	35	0	T
p122#10	2388	G	R	191	1	0,52%	1	1	72	74	0.98	1	1	191	0	1	0	A
p122#10	2391	C	Y	177	9	4,84%	1	1	72	71	0.98	1	1	177	0	9	0	T
p122#10	2394	C	Y	172	7	3,91%	1	1	72	72	0.98	1	1	172	0	7	0	T
p122#10	2398	C	Y	174	4	2,25%	1	1	71	74	0.98	1	1	174	0	4	0	T
p122#10	2401	C	Y	116	61	34,46%	1	1	72	72	0.98	1	1	116	0	61	0	T
p122#10	2403	G	R	181	1	0,55%	1	1	72	74	0.98	1	1	181	0	1	0	A
p122#10	2405	C	Y	182	4	2,15%	1	1	72	74	0.98	1	1	182	0	4	0	T
p122#10	2408	C	Y	161	30	15,71%	1	1	72	71	0.98	1	1	161	0	30	0	T
p122#10	2409	G	R	187	4	2,09%	1	1	72	66	0.98	1	1	187	0	4	0	A
p122#10	2412	C	T	34	147	81,22%	1	1	73	71	0.98	1	1	34	0	147	0	T
p122#10	2413	G	R	176	1	0,56%	1	1	71	74	0.98	1	1	176	0	1	0	A
p122#10	2414	G	R	173	1	0,57%	1	1	72	74	0.98	1	1	173	0	1	0	A
p122#10	2420	C	Y	155	17	9,88%	1	1	72	73	0.98	1	1	155	0	17	0	T
p122#10	2421	G	R	170	1	0,58%	1	1	72	74	0.98	1	1	170	0	1	0	A
p122#10	2428	C	Y	193	5	2,53%	1	1	71	71	0.98	1	1	193	0	5	0	T
p122#10	2432	C	Y	186	13	6,53%	1	1	71	71	0.98	1	1	186	0	13	0	T
p122#10	2433	C	Y	186	20	9,71%	1	1	72	73	0.98	1	1	186	0	20	0	T
p122#10	2442	G	R	206	2	0,96%	1	1	72	74	0.98	1	1	206	0	2	0	A
p122#10	2443	C	Y	212	2	0,93%	1	1	72	74	0.98	1	1	212	0	2	0	T
p122#10	2445	C	Y	213	6	2,74%	1	1	72	74	0.98	1	1	213	0	6	0	T
p122#10	2448	C	Y	173	31	15,2%	1	1	72	70	0.98	1	1	173	0	31	0	T
p122#10	2455	G	R	200	1	0,5%	1	1	70	74	0.98	1	1	200	0	1	0	A
p122#10	2458	C	Y	179	25	12,25%	1	1	71	72	0.98	1	1	179	0	25	0	T
p122#10	2461	G	R	191	1	0,52%	1	1	72	74	0.98	1	1	191	0	1	0	A
p122#10	2465	C	Y	170	11	6,08%	1	1	72	71	0.98	1	1	170	0	11	0	T
p122#10	2467	C	Y	82	102	55,43%	1	1	72	68	0.98	1	1	82	0	102	0	T
p122#10	2469	C	Y	179	4	2,19%	1	1	71	69	0.98	1	1	179	0	4	0	T
p122#10	2470	C	Y	176	1	0,56%	1	1	70	74	0.98	1	1	176	0	1	0	T
p122#10	2473	G	R	158	10	5,95%	1	1	72	71	0.98	1	1	158	0	10	0	A
p122#10	2476	C	Y	116	55	32,16%	1	1	72	72	0.98	1	1	116	0	55	0	T
p122#10	2477	G	R	173	1	0,57%	1	1	71	74	0.98	1	1	173	0	1	0	A
p122#10	2485	C	Y	163	4	2,4%	1	1	72	74	0.98	1	1	163	0	4	0	T
p122#10	2486	C	Y	147	17	10,37%	1	1	72	74	0.98	1	1	147	0	17	0	T
p122#10	2487	G	R	161	1	0,62%	1	1	71	74	0.98	1	1	161	0	1	0	A
p122#10	2493	G	R	151	2	1,31%	1	1	71	74	0.98	1	1	151	0	2	0	A
p122#10	2501	C	Y	164	2	1,2%	1	1	72	74	0.98	1	1	164	0	2	0	T
p122#10	2506	C	Y	169	7	3,98%	1	1	72	66	0.98	1	1	169	0	7	0	T
p122#10	2507	C	Y	149	30	16,76%	1	1	71	72	0.98	1	1	149	0	30	0	T
p122#10	2511	C	Y	168	24	12,5%	1	1	70	71	0.98	1	1	168	0	24	0	T
p122#10	2512	G	R	192	4	2,04%	1	1	71	71	0.98	1	1	192	0	4	0	A
p122#10	2514	C	Y	112	82	42,27%	1	1	71	70	0.98	1	1	112	0	82	0	T
p122#10	2515	G	R	193	3	1,53%	1	1	71	63	0.98	1	1	193	0	3	0	A
p122#10	2518	C	Y	197	4	1,99%	1	1	71	74	0.98	1	1	197	0	4	0	T
p122#10	2521	G	R	203	2	0,98%	1	1	73	74	0.98	1	1	203	0	2	0	A
p122#10	2523	C	Y	224	3	1,32%	1	1	72	64	0.98	1	1	224	0	3	0	T
p122#10	2526	C	Y	189	32	14,41%	1	1	72	68	0.98	1	1	189	0	32	0	T
p122#10	2528	C	Y	228	4	1,72%	1	1	71	74	0.98	1	1	228	0	4	0	T
p122#10	2529	G	R	232	1	0,43%	1	1	72	74	0.98	1	1	232	0	1	0	A
p122#10	2533	C	Y	234	3	1,27%	1	1	72	74	0.98	1	1	234	0	3	0	T
p122#10	2534	C	Y	238	3	1,24%	1	1	72	74	0.98	1	1	238	0	3	0	T
p122#10	2536	G	R	247	1	0,4%	1	1	73	74	0.98	1	1	247	0	1	0	A
p122#10	2540	C	Y	214	21	8,94%	1	1	71	71	0.98	1	1	214	0	21	0	T
p122#10	2546	C	Y	203	6	2,87%	1	1	72	74	0.98	1	1	203	0	6	0	T
p122#10	2549	C	Y	205	9	4,21%	1	1	73	74	0.98	1	1	205	0	9	0	T
p122#10	2552	C	Y	203	10	4,69%	1	1	73	64	0.98	1	1	203	0	10	0	T
p122#10	2553	G	R	213	1	0,47%	1	1	72	74	0.98	1	1	213	0	1	0	A
p122#10	2559	C	Y	215	8	3,59%	1	1	73	64	0.98	1	1	215	0	8	0	T
p122#10	2563	C	Y	201	7	3,37%	1	1	73	69	0.98	1	1	201	0	7	0	T
p122#10	2570	C	Y	150	38	20,21%	1	1	73	70	0.98	1	1	150	0	38	0	T
p122#10	2574	C	Y	162	19	10,5%	1	1	72	72	0.98	1	1	162	0	19	0	T
p122#10	2578	C	Y	182	3	1,62%	1	1	73	74	0.98	1	1	182	0	3	0	T
p122#10	2581	C	Y	174	7	3,87%	1	1	73	68	0.98	1	1	174	0	7	0	T
p122#10	2585	C	Y	186	3	1,59%	1	1	73	74	0.98	1	1	186	0	3	0	T
p122#10	2587	C	Y	147	46	23,83%	1	1	73	68	0.98	1	1	147	0	46	0	T
p122#10	2591	C	Y	184	5	2,65%	1	1	73	68	0.98	1	1	184	0	5	0	T
p122#10	2594	C	Y	186	17	8,37%	1	1	71	71	0.98	1	1	186	0	17	0	T
p122#10	2595	C	Y	189	8	4,06%	1	1	71	74	0.98	1	1	189	0	8	0	T
p122#10	2596	C	Y	186	7	3,63%	1	1	71	74	0.98	1	1	186	0	7	0	T
p122#10	2599	C	Y	186	1	0,53%	1	1	73	74	0.98	1	1	186	0	1	0	T
p122#10	2602	C	Y	168	9	5,08%	1	1	73	74	0.98	1	1	168	0	9	0	T
p122#10	2613	C	Y	162	10	5,81%	1	1	72	68	0.98	1	1	162	0	10	0	T
p122#10	2624	C	Y	157	6	3,68%	1	1	73	74	0.98	1	1	157	0	6	0	T
p122#10	2626	G	R	159	1	0,62%	1	1	73	74	0.98	1	1	159	0	1	0	A
p122#10	2635	G	R	168	1	0,59%	1	1	72	74	0.98	1	1	168	0	1	0	A
p122#10	2636	C	Y	163	4	2,4%	1	1	73	74	0.98	1	1	163	0	4	0	T
p122#10	2641	C	Y	166	1	0,6%	1	1	72	74	0.98	1	1	166	0	1	0	T
p122#10	2642	C	Y	157	4	2,48%	1	1	72	71	0.98	1	1	157	0	4	0	T
p122#10	2647	C	Y	148	8	5,13%	1	1	73	66	0.98	1	1	148	0	8	0	T
p122#10	2650	C	Y	152	8	5%	1	1	72	74	0.98	1	1	152	0	8	0	T
p122#10	2654	C	Y	137	26	15,95%	1	1	73	67	0.98	1	1	137	0	26	0	T
p122#10	2655	G	R	170	1	0,58%	1	1	72	74	0.98	1	1	170	0	1	0	A
p122#10	2662	C	Y	156	26	14,29%	1	1	72	71	0.98	1	1	156	0	26	0	T
p122#10	2663	C	Y	149	33	18,13%	1	1	72	69	0.98	1	1	149	0	33	0	T
p122#10	2666	C	Y	198	2	1%	1	1	72	59	0.98	1	1	198	0	2	0	T
p122#10	2670	C	Y	198	2	1%	1	1	71	73	0.98	1	1	198	0	2	0	T
p122#10	2681	C	Y	233	8	3,32%	1	1	72	68	0.98	1	1	233	0	8	0	T
p122#10	2683	G	R	233	3	1,27%	1	1	71	70	0.98	1	1	233	0	3	0	A
p122#10	2690	C	Y	205	49	19,29%	1	1	72	70	0.98	1	1	205	0	49	0	T
p122#10	2696	C	Y	235	7	2,89%	1	1	72	70	0.98	1	1	235	0	7	0	T
p122#10	2697	C	Y	219	15	6,41%	1	1	72	72	0.98	1	1	219	0	15	0	T
p122#10	2701	G	R	230	1	0,43%	1	1	73	62	0.98	1	1	230	0	1	0	A
p122#10	2704	C	Y	237	1	0,42%	1	1	71	74	0.98	1	1	237	0	1	0	T
p122#10	2711	C	Y	234	21	8,24%	1	1	73	71	0.98	1	1	234	0	21	0	T
p122#10	2713	C	Y	249	1	0,4%	1	1	73	74	0.98	1	1	249	0	1	0	T
p122#10	2715	C	M	238	1	0,42%	1	1	72	74	0.98	1	1	238	0	1	0	A
p122#10	2717	G	R	228	1	0,44%	1	1	71	74	0.98	1	1	228	0	1	0	A
p122#10	2721	C	Y	185	38	17,04%	1	1	72	72	0.98	1	1	185	0	38	0	T
p122#10	2726	C	Y	221	8	3,49%	1	1	72	69	0.98	1	1	221	0	8	0	T
p122#10	2729	C	Y	220	8	3,51%	1	1	72	67	0.98	1	1	220	0	8	0	T
p122#10	2738	C	Y	228	2	0,87%	1	1	72	66	0.98	1	1	228	0	2	0	T
p122#10	2751	C	Y	200	1	0,5%	1	1	72	74	0.98	1	1	200	0	1	0	T
p122#10	2753	C	Y	184	3	1,6%	1	1	72	72	0.98	1	1	184	0	3	0	T
p122#10	2754	C	Y	178	3	1,66%	1	1	71	74	0.98	1	1	178	0	3	0	T
p122#10	2755	C	Y	178	4	2,2%	1	1	70	74	0.98	1	1	178	0	4	0	T
p122#10	2756	G	R	175	1	0,57%	1	1	71	74	0.98	1	1	175	0	1	0	A
p122#10	2760	C	Y	128	43	25,15%	1	1	71	70	0.98	1	1	128	0	43	0	T
p122#10	2769	C	Y	134	25	15,72%	1	1	71	67	0.98	1	1	134	0	25	0	T
p122#10	2772	C	Y	143	14	8,92%	1	1	73	72	0.98	1	1	143	0	14	0	T
p122#10	2774	C	Y	152	3	1,94%	1	1	73	69	0.98	1	1	152	0	3	0	T
p122#10	2777	C	Y	132	15	10,14%	1	1	73	66	0.98	1	1	132	0	15	0	T
p122#10	2781	G	R	146	1	0,68%	1	1	72	74	0.98	1	1	146	0	1	0	A
p122#10	2784	T	Y	146	1	0,68%	1	1	72	74	0.98	1	1	146	0	1	0	C
p122#10	2785	C	Y	137	13	8,67%	1	1	73	70	0.98	1	1	137	0	13	0	T
p122#10	2789	C	Y	150	1	0,66%	1	1	72	74	0.98	1	1	150	0	1	0	T
p122#10	2792	C	Y	150	3	1,96%	1	1	72	74	0.98	1	1	150	0	3	0	T
p122#10	2797	G	R	140	2	1,41%	1	1	71	74	0.98	1	1	140	0	2	0	A
p122#10	2800	G	R	139	1	0,71%	1	1	72	74	0.98	1	1	139	0	1	0	A
p122#10	2803	C	Y	138	9	6,12%	1	1	72	74	0.98	1	1	138	0	9	0	T
p122#10	2804	G	R	147	1	0,68%	1	1	71	74	0.98	1	1	147	0	1	0	A
p122#10	2810	G	R	145	1	0,68%	1	1	71	74	0.98	1	1	145	0	1	0	A
p122#10	2812	C	Y	139	14	9,15%	1	1	72	68	0.98	1	1	139	0	14	0	T
p122#10	2814	G	R	144	1	0,69%	1	1	72	74	0.98	1	1	144	0	1	0	A
p122#10	2817	C	Y	108	50	31,65%	1	1	72	71	0.98	1	1	108	0	50	0	T
p122#10	2818	G	R	165	1	0,6%	1	1	71	74	0.98	1	1	165	0	1	0	A
p122#10	2819	C	Y	163	3	1,81%	1	1	72	74	0.98	1	1	163	0	3	0	T
p122#10	2834	C	Y	193	7	3,5%	1	1	72	74	0.98	1	1	193	0	7	0	T
p122#10	2836	C	Y	199	3	1,49%	1	1	73	74	0.98	1	1	199	0	3	0	T
p122#10	2838	G	R	198	4	1,98%	1	1	72	65	0.98	1	1	198	0	4	0	A
p122#10	2845	C	Y	186	18	8,82%	1	1	71	72	0.98	1	1	186	0	18	0	T
p122#10	2849	G	R	186	2	1,06%	1	1	71	74	0.98	1	1	186	0	2	0	A
p122#10	2854	C	Y	187	2	1,06%	1	1	72	74	0.98	1	1	187	0	2	0	T
p122#10	2855	C	Y	185	2	1,07%	1	1	71	63	0.98	1	1	185	0	2	0	T
p122#10	2865	C	Y	177	14	7,33%	1	1	72	64	0.98	1	1	177	0	14	0	T
p122#10	2873	C	Y	161	8	4,73%	1	1	71	70	0.98	1	1	161	0	8	0	T
p122#10	2874	C	Y	165	6	3,51%	1	1	71	70	0.98	1	1	165	0	6	0	T
p122#10	2877	G	R	179	1	0,56%	1	1	70	74	0.98	1	1	179	0	1	0	A
p122#10	2878	C	Y	182	1	0,55%	1	1	71	74	0.98	1	1	182	0	1	0	T
p122#10	2881	C	Y	108	77	41,62%	1	1	72	71	0.98	1	1	108	0	77	0	T
p122#10	2890	C	Y	193	13	6,31%	1	1	71	68	0.98	1	1	193	0	13	0	T
p122#10	2895	G	R	191	1	0,52%	1	1	69	48	0.98	1	1	191	0	1	0	A
p122#10	2897	C	Y	188	2	1,05%	1	1	73	74	0.98	1	1	188	0	2	0	T
p122#10	2899	C	Y	178	14	7,29%	1	1	73	69	0.98	1	1	178	0	14	0	T
p122#10	2903	C	Y	166	12	6,74%	1	1	72	71	0.98	1	1	166	0	12	0	T
p122#10	2904	G	R	162	12	6,9%	1	1	72	72	0.98	1	1	162	0	12	0	A
p122#10	2910	C	Y	154	16	9,41%	1	1	72	65	0.98	1	1	154	0	16	0	T
p122#10	2912	G	K	179	1	0,56%	1	1	71	74	0.98	1	1	179	0	1	0	T
p122#10	2915	C	Y	168	1	0,59%	1	1	71	74	0.98	1	1	168	0	1	0	T
p122#10	2920	C	Y	153	9	5,56%	1	1	71	74	0.98	1	1	153	0	9	0	T
p122#10	2928	C	Y	139	12	7,95%	1	1	71	67	0.98	1	1	139	0	12	0	T
p122#10	2930	G	R	154	2	1,28%	1	1	72	74	0.98	1	1	154	0	2	0	A
p122#10	2933	G	R	154	2	1,28%	1	1	72	74	0.98	1	1	154	0	2	0	A
p122#10	2937	G	R	162	1	0,61%	1	1	72	62	0.98	1	1	162	0	1	0	A
p122#10	2939	C	Y	164	6	3,53%	1	1	72	69	0.98	1	1	164	0	6	0	T
p122#10	2943	G	R	163	1	0,61%	1	1	73	74	0.98	1	1	163	0	1	0	A
p122#10	2946	C	Y	164	3	1,8%	1	1	72	56	0.98	1	1	164	0	3	0	T
p122#10	2950	C	Y	148	4	2,63%	1	1	71	74	0.98	1	1	148	0	4	0	T
p122#10	2952	C	Y	147	5	3,29%	1	1	73	63	0.98	1	1	147	0	5	0	T
p122#10	2955	C	Y	145	6	3,97%	1	1	72	65	0.98	1	1	145	0	6	0	T
p122#10	2962	C	Y	167	7	4,02%	1	1	72	70	0.98	1	1	167	0	7	0	T
p122#10	2972	C	Y	177	10	5,35%	1	1	72	67	0.98	1	1	177	0	10	0	T
p122#10	2978	C	Y	112	83	42,56%	1	1	71	67	0.98	1	1	112	0	83	0	T
p122#10	2979	G	R	212	1	0,47%	1	1	71	74	0.98	1	1	212	0	1	0	A
p122#10	2991	C	Y	201	15	6,94%	1	1	68	70	0.98	1	1	201	0	15	0	T
p122#10	2993	G	R	222	1	0,45%	1	1	71	48	0.98	1	1	222	0	1	0	A
p122#10	2994	C	Y	213	5	2,28%	1	1	67	74	0.98	1	1	213	0	5	0	T
p122#10	2995	G	R	207	2	0,96%	1	1	69	67	0.98	1	1	207	0	2	0	A
p122#10	3004	C	Y	223	1	0,45%	1	1	68	62	0.98	1	1	223	0	1	0	T
p122#10	3006	C	Y	126	95	42,99%	1	1	70	66	0.98	1	1	126	0	95	0	T
p122#10	3007	G	R	226	1	0,44%	1	1	68	74	0.98	1	1	226	0	1	0	A
p122#10	3011	C	Y	223	1	0,45%	1	1	70	74	0.98	1	1	223	0	1	0	T
p122#10	3012	C	Y	223	1	0,45%	1	1	70	74	0.98	1	1	223	0	1	0	T
p122#10	3013	C	Y	235	3	1,26%	1	1	70	63	0.98	1	1	235	0	3	0	T
p122#10	3018	C	Y	219	3	1,35%	1	1	70	66	0.98	1	1	219	0	3	0	T
p122#10	3019	C	Y	204	6	2,86%	1	1	69	61	0.98	1	1	204	0	6	0	T
p122#10	3020	G	R	210	2	0,94%	1	1	70	68	0.98	1	1	210	0	2	0	A
p122#10	3021	C	Y	210	1	0,47%	1	1	67	48	0.98	1	1	210	0	1	0	T
p122#10	3023	C	Y	196	2	1,01%	1	1	65	68	0.98	1	1	196	0	2	0	T
p122#10	3028	C	Y	95	108	53,2%	1	1	68	63	0.98	1	1	95	0	108	0	T
p122#10	3032	C	Y	204	5	2,39%	1	1	68	66	0.98	1	1	204	0	5	0	T
p122#10	3033	G	R	215	1	0,46%	1	1	71	48	0.98	1	1	215	0	1	0	A
p122#10	3048	G	R	239	2	0,83%	1	1	68	55	0.98	1	1	239	0	2	0	A
p122#10	3052	G	R	255	1	0,39%	1	1	65	62	0.98	1	1	255	0	1	0	A
p122#10	3053	C	Y	248	4	1,59%	1	1	69	64	0.98	1	1	248	0	4	0	T
p122#10	3058	C	Y	244	1	0,41%	1	1	69	74	0.98	1	1	244	0	1	0	T
p122#10	3060	C	Y	244	2	0,81%	1	1	68	68	0.98	1	1	244	0	2	0	T
p122#10	3061	C	Y	246	2	0,81%	1	1	66	55	0.98	1	1	246	0	2	0	T
p122#10	3064	G	R	262	1	0,38%	1	1	70	48	0.98	1	1	262	0	1	0	A
p122#10	3071	C	Y	254	7	2,68%	1	1	69	65	0.98	1	1	254	0	7	0	T
p122#10	3076	C	Y	222	12	5,13%	1	1	69	71	0.98	1	1	222	0	12	0	T
p122#10	3077	G	R	235	1	0,42%	1	1	70	48	0.98	1	1	235	0	1	0	A
p122#10	3081	C	Y	222	2	0,89%	1	1	64	61	0.98	1	1	222	0	2	0	T
p122#10	3100	C	Y	205	2	0,97%	1	1	66	74	0.98	1	1	205	0	2	0	T
p122#10	3105	C	Y	102	87	45,55%	1	1	67	63	0.98	1	1	102	0	87	0	T
p122#10	3106	G	R	195	1	0,51%	1	1	69	74	0.98	1	1	195	0	1	0	A
p122#10	3115	G	R	205	1	0,49%	1	1	71	74	0.98	1	1	205	0	1	0	A
p122#10	3129	C	Y	214	2	0,93%	1	1	70	55	0.98	1	1	214	0	2	0	T
p122#10	3132	G	R	196	1	0,51%	1	1	69	61	0.98	1	1	196	0	1	0	A
p122#10	3138	C	Y	171	1	0,58%	1	1	70	62	0.98	1	1	171	0	1	0	T
p122#10	3143	G	R	157	3	1,88%	1	1	71	74	0.98	1	1	157	0	3	0	A
p122#10	3150	C	Y	119	17	12,5%	1	1	68	73	0.98	1	1	119	0	17	0	T
p122#10	3151	C	Y	116	17	12,78%	1	1	70	69	0.98	1	1	116	0	17	0	T
p122#10	3163	C	Y	101	6	5,61%	1	1	72	72	0.98	1	1	101	0	6	0	T
p122#10	3168	C	Y	93	1	1,06%	1	1	69	74	0.98	1	1	93	0	1	0	T
p122#10	3170	C	Y	85	1	1,16%	1	1	70	74	0.98	1	1	85	0	1	0	T
p122#10	3174	C	Y	76	2	2,56%	1	1	70	72	0.98	1	1	76	0	2	0	T
p122#10	3194	C	Y	89	2	2,2%	1	1	70	74	0.98	1	1	89	0	2	0	T
p122#10	3205	G	R	117	1	0,85%	1	1	71	62	0.98	1	1	117	0	1	0	A
p122#10	3224	G	R	118	1	0,84%	1	1	60	74	0.98	1	1	118	0	1	0	A
p122#10	3228	C	Y	76	2	2,56%	1	1	56	74	0.98	1	1	76	0	2	0	T
p122#10	3255	C	Y	38	2	5%	1	1	59	74	0.98	1	1	38	0	2	0	T
p122#10	3274	C	Y	141	5	3,4%	1	1	58	68	0.98	1	1	141	0	5	0	T
p122#10	3282	C	Y	140	1	0,71%	1	1	59	74	0.98	1	1	140	0	1	0	T
p122#10	3296	C	Y	120	1	0,83%	1	1	61	74	0.98	1	1	120	0	1	0	T
p122#10	3314	C	Y	60	2	3,23%	1	1	62	66	0.98	1	1	60	0	2	0	T
p122#10	3317	C	Y	72	4	5,26%	1	1	62	67	0.98	1	1	72	0	4	0	T
p122#10	3335	C	Y	55	1	1,79%	1	1	67	74	0.98	1	1	55	0	1	0	T
p122#10	3377	C	Y	121	9	6,92%	1	1	73	69	0.98	1	1	121	0	9	0	T
p122#10	3379	C	Y	150	1	0,66%	1	1	71	74	0.98	1	1	150	0	1	0	T
p122#10	3389	C	Y	176	1	0,56%	1	1	71	74	0.98	1	1	176	0	1	0	T
p122#10	3395	C	Y	183	12	6,15%	1	1	71	74	0.98	1	1	183	0	12	0	T
p122#10	3396	G	R	198	1	0,5%	1	1	72	74	0.98	1	1	198	0	1	0	A
p122#10	3411	C	Y	178	14	7,29%	1	1	72	68	0.98	1	1	178	0	14	0	T
p122#10	3424	G	R	167	2	1,18%	1	1	72	74	0.98	1	1	167	0	2	0	A
p122#10	3430	C	Y	167	1	0,6%	1	1	73	74	0.98	1	1	167	0	1	0	T
p122#10	3451	C	Y	153	2	1,29%	1	1	73	74	0.98	1	1	153	0	2	0	T
p122#10	3456	C	Y	134	1	0,74%	1	1	72	74	0.98	1	1	134	0	1	0	T
p122#10	3459	G	R	127	2	1,55%	1	1	73	74	0.98	1	1	127	0	2	0	A
p122#10	3466	G	R	127	1	0,78%	1	1	72	74	0.98	1	1	127	0	1	0	A
p122#10	3480	C	Y	94	1	1,05%	1	1	71	74	0.98	1	1	94	0	1	0	T
p122#10	3481	C	Y	92	1	1,08%	1	1	66	74	0.98	1	1	92	0	1	0	T
p122#10	3487	C	Y	91	1	1,09%	1	1	72	74	0.98	1	1	91	0	1	0	T
p122#10	3492	G	K	85	1	1,16%	1	1	72	74	0.98	1	1	85	0	1	0	T
p122#10	3515	C	Y	117	4	3,31%	1	1	72	74	0.98	1	1	117	0	4	0	T
p122#10	3521	G	R	144	2	1,37%	1	1	71	61	0.98	1	1	144	0	2	0	A
p122#10	3530	C	Y	196	2	1,01%	1	1	69	61	0.98	1	1	196	0	2	0	T
p122#10	3531	C	Y	204	1	0,49%	1	1	72	62	0.98	1	1	204	0	1	0	T
p122#10	3534	C	Y	236	1	0,42%	1	1	72	61	0.98	1	1	236	0	1	0	T
p122#10	3535	C	Y	233	1	0,43%	1	1	71	74	0.98	1	1	233	0	1	0	T
p122#10	3536	G	R	231	1	0,43%	1	1	71	62	0.98	1	1	231	0	1	0	A
p122#10	3545	C	Y	253	1	0,39%	1	1	71	74	0.98	1	1	253	0	1	0	T
p122#10	3547	G	R	263	1	0,38%	1	1	72	74	0.98	1	1	263	0	1	0	A
p122#10	3549	C	Y	267	3	1,11%	1	1	71	74	0.98	1	1	267	0	3	0	T
p122#10	3554	C	Y	249	2	0,8%	1	1	72	74	0.98	1	1	249	0	2	0	T
p122#10	3557	G	R	232	1	0,43%	1	1	71	74	0.98	1	1	232	0	1	0	A
p122#10	3560	C	Y	216	9	4%	1	1	72	72	0.98	1	1	216	0	9	0	T
p122#10	3572	C	Y	187	10	5,08%	1	2	72	74	0.98	1	1	187	0	9	1	T
p122#10	3580	G	R	175	2	1,13%	1	1	72	61	0.98	1	1	175	0	2	0	A
p122#10	3594	C	Y	136	8	5,56%	1	1	72	71	0.98	1	1	136	0	8	0	T
p122#10	3602	C	Y	114	6	5%	1	1	72	74	0.98	1	1	114	0	6	0	T
p122#10	3620	C	Y	92	2	2,13%	1	1	71	70	0.98	1	1	92	0	2	0	T
p122#10	3621	C	Y	91	4	4,21%	1	1	71	62	0.98	1	1	91	0	4	0	T
p122#10	3638	C	Y	58	2	3,33%	1	1	71	74	0.98	1	1	58	0	2	0	T
p122#10	3648	C	Y	55	1	1,79%	1	1	71	74	0.98	1	1	55	0	1	0	T
p122#10	3656	C	Y	69	2	2,82%	1	1	72	74	0.98	1	1	69	0	2	0	T
p122#10	3675	C	Y	138	3	2,13%	1	1	72	74	0.98	1	1	138	0	3	0	T
p122#10	3684	G	R	191	2	1,04%	1	1	72	54	0.98	1	1	191	0	2	0	A
p122#10	3686	T	Y	206	1	0,48%	1	1	72	74	0.98	1	1	206	0	1	0	C
p122#10	3687	C	Y	197	12	5,74%	1	1	70	70	0.98	1	1	197	0	12	0	T
p122#10	3688	G	R	202	1	0,49%	1	1	71	74	0.98	1	1	202	0	1	0	A
p122#10	3691	C	Y	175	24	12,06%	1	1	71	72	0.98	1	1	175	0	24	0	T
p122#10	3700	A	R	240	1	0,41%	1	1	72	62	0.98	1	1	240	0	1	0	G
p122#10	3706	C	Y	219	1	0,45%	1	1	72	67	0.98	1	1	219	0	1	0	T
p122#10	3713	C	Y	223	6	2,62%	1	1	71	71	0.98	1	1	223	0	6	0	T
p122#10	3726	C	Y	184	25	11,96%	1	1	72	73	0.98	1	1	184	0	25	0	T
p122#10	3727	G	R	198	1	0,5%	1	1	72	74	0.98	1	1	198	0	1	0	A
p122#10	3742	G	K	200	1	0,5%	1	1	72	74	0.98	1	1	200	0	1	0	T
p122#10	3751	C	Y	199	2	1%	1	1	72	74	0.98	1	1	199	0	2	0	T
p122#10	3752	C	Y	194	1	0,51%	1	1	71	47	0.98	1	1	194	0	1	0	T
p122#10	3765	C	Y	159	2	1,24%	1	1	72	74	0.98	1	1	159	0	2	0	T
p122#10	3775	C	Y	161	1	0,62%	1	1	71	74	0.98	1	1	161	0	1	0	T
p122#10	3776	C	Y	158	1	0,63%	1	1	72	74	0.98	1	1	158	0	1	0	T
p122#10	3785	C	Y	162	1	0,61%	1	1	71	74	0.98	1	1	162	0	1	0	T
p122#10	3795	C	Y	122	6	4,69%	1	1	72	74	0.98	1	1	122	0	6	0	T
p122#10	3820	C	Y	164	3	1,8%	1	1	71	74	0.98	1	1	164	0	3	0	T
p122#10	3825	C	Y	181	7	3,72%	1	1	71	69	0.98	1	1	181	0	7	0	T
p122#10	3834	G	R	237	1	0,42%	1	1	71	74	0.98	1	1	237	0	1	0	A
p122#10	3858	G	R	210	1	0,47%	1	1	72	74	0.98	1	1	210	0	1	0	A
p122#10	3866	C	Y	179	1	0,56%	1	1	72	74	0.98	1	1	179	0	1	0	T
p122#10	3867	C	Y	169	2	1,17%	1	1	71	74	0.98	1	1	169	0	2	0	T
p122#10	3879	C	Y	128	1	0,78%	1	1	73	74	0.98	1	1	128	0	1	0	T
p122#10	3885	C	Y	99	22	18,18%	1	1	72	71	0.98	1	1	99	0	22	0	T
p122#10	3886	G	R	116	1	0,85%	1	1	71	74	0.98	1	1	116	0	1	0	A
p122#10	3899	C	Y	84	2	2,33%	1	1	72	74	0.98	1	1	84	0	2	0	T
p122#10	3908	C	Y	73	1	1,35%	1	1	72	74	0.98	1	1	73	0	1	0	T
p122#10	3916	C	Y	59	10	14,49%	1	1	72	68	0.98	1	1	59	0	10	0	T
p122#10	3927	C	Y	54	6	10%	1	1	72	74	0.98	1	1	54	0	6	0	T
p122#10	3928	G	R	60	1	1,64%	1	1	72	74	0.98	1	1	60	0	1	0	A
p122#10	3932	G	R	59	2	3,28%	1	1	73	64	0.98	1	1	59	0	2	0	A
p122#10	3938	C	Y	58	3	4,92%	1	1	73	74	0.98	1	1	58	0	3	0	T
p122#10	3940	G	R	59	1	1,67%	1	1	73	74	0.98	1	1	59	0	1	0	A
p122#10	3964	G	R	125	2	1,57%	1	1	71	68	0.98	1	1	125	0	2	0	A
p122#10	3966	C	Y	151	1	0,66%	1	1	73	74	0.98	1	1	151	0	1	0	T
p122#10	3970	C	Y	178	1	0,56%	1	1	72	74	0.98	1	1	178	0	1	0	T
p122#10	3981	C	Y	255	3	1,16%	1	1	72	74	0.98	1	1	255	0	3	0	T
p122#10	3982	C	Y	257	1	0,39%	1	1	71	74	0.98	1	1	257	0	1	0	T
p122#10	3985	C	Y	312	2	0,64%	1	1	72	61	0.98	1	1	312	0	2	0	T
p122#10	3991	C	Y	351	2	0,57%	1	1	73	74	0.98	1	1	351	0	2	0	T
p122#10	3993	G	R	356	1	0,28%	1	1	72	74	0.98	1	1	356	0	1	0	A
p122#10	3994	C	Y	358	2	0,56%	1	1	72	74	0.98	1	1	358	0	2	0	T
p122#10	3995	C	Y	370	4	1,07%	1	1	72	74	0.98	1	1	370	0	4	0	T
p122#10	3996	G	R	380	1	0,26%	1	1	72	74	0.98	1	1	380	0	1	0	A
p122#10	3998	G	R	397	1	0,25%	1	1	71	74	0.98	1	1	397	0	1	0	A
p122#10	4002	G	R	421	4	0,94%	1	1	72	74	0.98	1	1	421	0	4	0	A
p122#10	4006	G	R	447	1	0,22%	1	1	73	62	0.98	1	1	447	0	1	0	A
p122#10	4009	G	R	440	1	0,23%	1	1	73	74	0.98	1	1	440	0	1	0	A
p122#10	4012	G	R	459	1	0,22%	1	1	73	74	0.98	1	1	459	0	1	0	A
p122#10	4022	C	Y	460	2	0,43%	1	1	71	68	0.98	1	1	460	0	2	0	T
p122#10	4025	C	Y	459	6	1,29%	1	1	72	74	0.98	1	1	459	0	6	0	T
p122#10	4026	G	R	468	1	0,21%	1	1	73	74	0.98	1	1	468	0	1	0	A
p122#10	4029	C	Y	469	5	1,05%	1	1	72	73	0.98	1	1	469	0	5	0	T
p122#10	4030	G	K	479	1	0,21%	1	1	73	68	0.98	1	1	479	0	1	0	T
p122#10	4037	C	Y	495	7	1,39%	1	1	72	74	0.98	1	1	495	0	7	0	T
p122#10	4038	C	Y	498	2	0,4%	1	1	72	74	0.98	1	1	498	0	2	0	T
p122#10	4041	C	Y	489	2	0,41%	1	1	72	74	0.98	1	1	489	0	2	0	T
p122#10	4044	C	Y	486	5	1,02%	1	1	73	63	0.98	1	1	486	0	5	0	T
p122#10	4049	T	Y	502	1	0,2%	1	1	72	74	0.98	1	1	502	0	1	0	C
p122#10	4050	C	Y	502	1	0,2%	1	1	72	74	0.98	1	1	502	0	1	0	T
p122#10	4051	C	Y	498	2	0,4%	1	1	72	74	0.98	1	1	498	0	2	0	T
p122#10	4052	C	Y	503	1	0,2%	1	1	73	74	0.98	1	1	503	0	1	0	T
p122#10	4056	T	K	490	1	0,2%	1	1	68	48	0.98	1	1	490	0	1	0	G
p122#10	4058	C	Y	490	11	2,2%	1	1	72	70	0.98	1	1	490	0	11	0	T
p122#10	4060	C	Y	499	1	0,2%	1	1	73	74	0.98	1	1	499	0	1	0	T
p122#10	4067	C	Y	495	2	0,4%	1	1	73	65	0.98	1	1	495	0	2	0	T
p122#10	4068	G	R	485	1	0,21%	1	1	72	74	0.98	1	1	485	0	1	0	A
p122#10	4072	C	Y	492	1	0,2%	1	1	72	74	0.98	1	1	492	0	1	0	T
p122#10	4074	C	Y	480	9	1,84%	1	1	73	67	0.98	1	1	480	0	9	0	T
p122#10	4077	C	Y	490	3	0,61%	1	1	73	65	0.98	1	1	490	0	3	0	T
p122#10	4078	G	R	484	1	0,21%	1	1	72	44	0.98	1	1	484	0	1	0	A
p122#10	4085	C	Y	439	1	0,23%	1	1	72	74	0.98	1	1	439	0	1	0	T
p122#10	4088	C	Y	448	1	0,22%	1	1	72	48	0.98	1	1	448	0	1	0	T
p122#10	4093	C	Y	433	2	0,46%	1	1	72	74	0.98	1	1	433	0	2	0	T
p122#10	4094	G	R	447	6	1,32%	1	1	73	72	0.98	1	1	447	0	6	0	A
p122#10	4098	C	Y	434	1	0,23%	1	1	73	74	0.98	1	1	434	0	1	0	T
