Chrom	Position	Ref	Cons	Reads1	Reads2	VarFreq	Strands1	Strands2	Qual1	Qual2	Pvalue	MapQual1	MapQual2	Reads1Plus	Reads1Minus	Reads2Plus	Reads2Minus	VarAllele
p122#10	65	C	Y	70	1	1,41%	1	1	72	74	0.98	1	1	70	0	1	0	T
p122#10	71	T	K	85	1	1,16%	1	1	72	74	0.98	1	1	85	0	1	0	G
p122#10	72	T	W	89	1	1,11%	1	1	72	74	0.98	1	1	89	0	1	0	A
p122#10	73	T	W	91	1	1,09%	1	1	73	74	0.98	1	1	91	0	1	0	A
p122#10	74	C	M	95	1	1,04%	1	1	72	74	0.98	1	1	95	0	1	0	A
p122#10	80	A	R	119	4	3,25%	1	1	72	74	0.98	1	1	119	0	4	0	G
p122#10	388	G	K	142	1	0,7%	2	1	71	48	0.98	1	1	141	1	0	1	T
p122#10	396	A	R	133	1	0,75%	2	1	71	74	0.98	1	1	132	1	1	0	G
p122#10	404	T	Y	135	1	0,74%	2	1	65	54	0.98	1	1	133	2	1	0	C
p122#10	470	T	Y	157	1	0,63%	2	1	72	74	0.98	1	1	156	1	1	0	C
p122#10	874	A	R	118	1	0,84%	1	1	73	74	0.98	1	1	118	0	1	0	G
p122#10	1004	T	Y	179	1	0,56%	1	1	73	74	0.98	1	1	179	0	1	0	C
p122#10	1024	A	R	138	1	0,72%	1	1	73	74	0.98	1	1	138	0	1	0	G
p122#10	1188	A	R	150	1	0,66%	1	1	71	74	0.98	1	1	150	0	1	0	G
p122#10	1194	T	Y	146	1	0,68%	1	1	70	74	0.98	1	1	146	0	1	0	C
p122#10	1203	G	K	133	1	0,75%	1	1	72	62	0.98	1	1	133	0	1	0	T
p122#10	1206	T	Y	125	1	0,79%	1	1	73	74	0.98	1	1	125	0	1	0	C
p122#10	1219	G	R	155	1	0,64%	1	1	72	74	0.98	1	1	155	0	1	0	A
p122#10	1230	C	Y	147	3	2%	1	1	73	74	0.98	1	1	147	0	3	0	T
p122#10	1233	T	Y	138	3	2,13%	1	1	70	74	0.98	1	1	138	0	3	0	C
p122#10	1554	C	M	128	1	0,78%	1	1	70	48	0.98	1	1	128	0	1	0	A
p122#10	1713	C	S	118	1	0,84%	1	1	73	62	0.98	1	1	118	0	1	0	G
p122#10	1996	A	R	115	1	0,86%	1	1	72	52	0.98	1	1	115	0	1	0	G
p122#10	2459	A	R	174	1	0,57%	1	1	72	74	0.98	1	1	174	0	1	0	G
p122#10	2526	C	S	163	1	0,61%	1	1	73	74	0.98	1	1	163	0	1	0	G
p122#10	2726	C	M	121	1	0,82%	1	1	72	74	0.98	1	1	121	0	1	0	A
p122#10	2898	T	Y	126	1	0,79%	1	1	72	74	0.98	1	1	126	0	1	0	C
p122#10	3008	A	R	124	1	0,8%	1	1	68	62	0.98	1	1	124	0	1	0	G
p122#10	3095	T	Y	98	1	1,01%	1	1	67	62	0.98	1	1	98	0	1	0	C
p122#10	3162	T	W	266	1	0,37%	2	1	72	74	0.98	1	1	260	6	1	0	A
p122#10	3528	A	R	177	1	0,56%	1	1	73	62	0.98	1	1	177	0	1	0	G
p122#10	3658	G	R	176	1	0,56%	1	1	71	74	0.98	1	1	176	0	1	0	A
p122#10	3845	T	W	133	1	0,75%	1	1	72	74	0.98	1	1	133	0	1	0	A
p122#10	3859	T	Y	116	1	0,85%	2	1	72	74	0.98	1	1	114	2	1	0	C
p122#10	4000	A	R	359	1	0,28%	1	1	70	74	0.98	1	1	359	0	1	0	G
p122#10	4013	T	W	378	1	0,26%	1	1	72	74	0.98	1	1	378	0	1	0	A
p122#10	4017	C	M	392	1	0,25%	1	1	72	74	0.98	1	1	392	0	1	0	A
p122#10	4018	C	M	398	1	0,25%	1	1	72	62	0.98	1	1	398	0	1	0	A
p122#10	4027	A	M	389	1	0,26%	1	1	72	74	0.98	1	1	389	0	1	0	C
p122#10	4082	A	R	439	1	0,23%	1	1	66	50	0.98	1	1	439	0	1	0	G
