Chrom	Position	Ref	Cons	Reads1	Reads2	VarFreq	Strands1	Strands2	Qual1	Qual2	Pvalue	MapQual1	MapQual2	Reads1Plus	Reads1Minus	Reads2Plus	Reads2Minus	VarAllele
p122#10	66	C	Y	53	1	1,85%	1	1	70	74	0.98	1	1	53	0	1	0	T
p122#10	74	C	Y	45	3	6,25%	1	1	71	74	0.98	1	1	45	0	3	0	T
p122#10	79	G	R	55	1	1,79%	1	1	69	48	0.98	1	1	55	0	1	0	A
p122#10	146	C	Y	182	1	0,55%	1	1	70	74	0.98	1	1	182	0	1	0	T
p122#10	150	C	Y	174	1	0,57%	1	1	69	74	0.98	1	1	174	0	1	0	T
p122#10	154	C	Y	188	1	0,53%	1	1	69	62	0.98	1	1	188	0	1	0	T
p122#10	156	G	R	179	1	0,56%	1	1	66	48	0.98	1	1	179	0	1	0	A
p122#10	163	A	R	174	1	0,57%	1	1	63	48	0.98	1	1	174	0	1	0	G
p122#10	175	C	Y	210	1	0,47%	1	1	69	74	0.98	1	1	210	0	1	0	T
p122#10	183	C	Y	214	1	0,47%	1	1	67	74	0.98	1	1	214	0	1	0	T
p122#10	190	G	R	226	1	0,44%	1	1	68	74	0.98	1	1	226	0	1	0	A
p122#10	202	G	R	246	1	0,4%	1	1	69	74	0.98	1	1	246	0	1	0	A
p122#10	209	C	Y	247	1	0,4%	1	1	65	48	0.98	1	1	247	0	1	0	T
p122#10	233	G	R	274	7	2,49%	1	1	68	70	0.98	1	1	274	0	7	0	A
p122#10	238	G	R	281	3	1,06%	1	1	66	70	0.98	1	1	281	0	3	0	A
p122#10	240	G	R	284	1	0,35%	1	1	68	74	0.98	1	1	284	0	1	0	A
p122#10	242	G	R	277	1	0,36%	1	1	70	74	0.98	1	1	277	0	1	0	A
p122#10	243	G	R	277	2	0,72%	1	1	71	68	0.98	1	1	277	0	2	0	A
p122#10	248	G	R	296	1	0,34%	1	1	70	62	0.98	1	1	296	0	1	0	A
p122#10	255	G	R	297	6	1,98%	1	1	71	67	0.98	1	1	297	0	6	0	A
p122#10	270	G	R	279	4	1,41%	1	1	69	74	0.98	1	1	279	0	4	0	A
p122#10	271	A	R	286	1	0,35%	1	1	71	48	0.98	1	1	286	0	1	0	G
p122#10	274	G	R	275	1	0,36%	1	1	70	74	0.98	1	1	275	0	1	0	A
p122#10	283	G	R	254	3	1,17%	1	1	70	65	0.98	1	1	254	0	3	0	A
p122#10	285	A	M	249	1	0,4%	1	1	68	48	0.98	1	1	249	0	1	0	C
p122#10	286	G	R	256	1	0,39%	1	1	71	74	0.98	1	1	256	0	1	0	A
p122#10	289	G	R	247	4	1,59%	1	1	72	67	0.98	1	1	247	0	4	0	A
p122#10	303	C	Y	239	1	0,42%	1	1	71	61	0.98	1	1	239	0	1	0	T
p122#10	322	G	R	216	1	0,46%	2	1	71	74	0.98	1	1	212	4	1	0	A
p122#10	333	G	R	190	1	0,52%	2	1	69	74	0.98	1	1	186	4	1	0	A
p122#10	341	G	R	169	1	0,59%	2	1	71	60	0.98	1	1	164	5	1	0	A
p122#10	357	C	Y	126	27	17,65%	2	1	72	72	0.98	1	1	121	5	27	0	T
p122#10	370	C	Y	143	1	0,69%	2	1	71	74	0.98	1	1	138	5	1	0	T
p122#10	383	G	R	147	1	0,68%	2	1	72	74	0.98	1	1	142	5	1	0	A
p122#10	392	T	Y	160	1	0,62%	2	1	72	74	0.98	1	1	155	5	1	0	C
p122#10	399	C	Y	173	3	1,7%	2	1	71	74	0.98	1	1	172	1	3	0	T
p122#10	406	G	R	183	8	4,19%	2	1	70	69	0.98	1	1	181	2	8	0	A
p122#10	407	G	R	191	5	2,55%	2	1	70	73	0.98	1	1	189	2	5	0	A
p122#10	408	G	R	199	1	0,5%	2	1	71	74	0.98	1	1	197	2	1	0	A
p122#10	423	C	Y	199	13	6,13%	2	1	72	68	0.98	1	1	198	1	13	0	T
p122#10	426	C	Y	194	30	13,39%	2	1	72	70	0.98	1	1	193	1	30	0	T
p122#10	427	C	Y	211	17	7,46%	2	1	71	73	0.98	1	1	210	1	17	0	T
p122#10	431	C	Y	222	3	1,33%	2	1	71	74	0.98	1	1	221	1	3	0	T
p122#10	432	C	Y	197	26	11,66%	2	1	71	72	0.98	1	1	196	1	26	0	T
p122#10	435	C	Y	184	28	13,21%	2	1	72	68	0.98	1	1	183	1	28	0	T
p122#10	436	G	R	212	7	3,2%	1	1	72	72	0.98	1	1	212	0	7	0	A
p122#10	440	G	R	223	6	2,62%	2	1	72	69	0.98	1	1	222	1	6	0	A
p122#10	446	C	Y	234	1	0,43%	1	1	72	74	0.98	1	1	234	0	1	0	T
p122#10	447	G	R	232	3	1,28%	1	1	72	74	0.98	1	1	232	0	3	0	A
p122#10	449	C	Y	241	1	0,41%	1	1	72	74	0.98	1	1	241	0	1	0	T
p122#10	450	C	Y	232	11	4,53%	1	1	72	72	0.98	1	1	232	0	11	0	T
p122#10	453	C	Y	206	51	19,84%	1	1	72	70	0.98	1	1	206	0	51	0	T
p122#10	455	G	R	265	1	0,38%	1	1	72	74	0.98	1	1	265	0	1	0	A
p122#10	456	C	Y	267	3	1,11%	1	1	72	66	0.98	1	1	267	0	3	0	T
p122#10	462	C	Y	215	58	21,25%	1	1	71	71	0.98	1	1	215	0	58	0	T
p122#10	471	C	Y	250	51	16,94%	1	1	71	71	0.98	1	1	250	0	51	0	T
p122#10	474	C	Y	289	2	0,69%	1	1	71	66	0.98	1	1	289	0	2	0	T
p122#10	475	G	R	277	10	3,48%	1	1	71	73	0.98	1	1	277	0	10	0	A
p122#10	478	G	R	272	7	2,51%	1	1	71	68	0.98	1	1	272	0	7	0	A
p122#10	479	G	R	270	1	0,37%	1	1	72	74	0.98	1	1	270	0	1	0	A
p122#10	486	C	Y	223	36	13,9%	1	1	72	70	0.98	1	1	223	0	36	0	T
p122#10	489	C	Y	214	42	16,41%	1	1	71	70	0.98	1	1	214	0	42	0	T
p122#10	495	G	R	243	14	5,45%	1	1	72	69	0.98	1	1	243	0	14	0	A
p122#10	497	G	R	251	5	1,95%	1	1	72	71	0.98	1	1	251	0	5	0	A
p122#10	499	G	R	249	9	3,49%	1	1	71	71	0.98	1	1	249	0	9	0	A
p122#10	502	G	R	245	4	1,61%	1	1	72	74	0.98	1	1	245	0	4	0	A
p122#10	507	C	Y	170	67	28,27%	1	1	71	72	0.98	1	1	170	0	67	0	T
p122#10	508	C	Y	207	24	10,39%	1	1	71	71	0.98	1	1	207	0	24	0	T
p122#10	514	G	R	232	9	3,73%	1	1	72	70	0.98	1	1	232	0	9	0	A
p122#10	531	C	Y	218	5	2,24%	1	1	71	66	0.98	1	1	218	0	5	0	T
p122#10	534	C	Y	209	16	7,11%	1	1	70	70	0.98	1	1	209	0	16	0	T
p122#10	535	C	Y	203	18	8,14%	1	1	72	68	0.98	1	1	203	0	18	0	T
p122#10	536	G	R	221	6	2,64%	1	1	72	74	0.98	1	1	221	0	6	0	A
p122#10	538	C	Y	223	4	1,76%	1	1	73	67	0.98	1	1	223	0	4	0	T
p122#10	542	T	Y	217	2	0,91%	1	1	70	68	0.98	1	1	217	0	2	0	C
p122#10	543	G	R	220	1	0,45%	1	1	73	74	0.98	1	1	220	0	1	0	A
p122#10	547	C	Y	196	19	8,8%	1	1	72	70	0.98	1	1	196	0	19	0	T
p122#10	548	G	R	205	6	2,84%	1	1	72	74	0.98	1	1	205	0	6	0	A
p122#10	558	C	Y	226	2	0,88%	1	1	70	61	0.98	1	1	226	0	2	0	T
p122#10	565	G	R	234	5	2,09%	1	1	72	69	0.98	1	1	234	0	5	0	A
p122#10	568	G	R	234	3	1,27%	1	1	71	64	0.98	1	1	234	0	3	0	A
p122#10	579	C	Y	198	23	10,41%	1	1	72	69	0.98	1	1	198	0	23	0	T
p122#10	581	G	R	217	1	0,46%	1	1	72	74	0.98	1	1	217	0	1	0	A
p122#10	582	C	Y	212	6	2,75%	1	1	70	72	0.98	1	1	212	0	6	0	T
p122#10	583	G	R	223	1	0,45%	1	1	72	74	0.98	1	1	223	0	1	0	A
p122#10	585	C	Y	202	21	9,42%	1	1	72	72	0.98	1	1	202	0	21	0	T
p122#10	593	C	Y	221	1	0,45%	1	1	72	74	0.98	1	1	221	0	1	0	T
p122#10	594	C	Y	203	18	8,14%	1	1	72	70	0.98	1	1	203	0	18	0	T
p122#10	597	C	Y	213	8	3,62%	1	1	70	68	0.98	1	1	213	0	8	0	T
p122#10	600	C	Y	203	19	8,56%	1	1	72	69	0.98	1	1	203	0	19	0	T
p122#10	604	C	Y	186	42	18,42%	1	1	72	71	0.98	1	1	186	0	42	0	T
p122#10	610	C	Y	197	29	12,83%	1	1	72	72	0.98	1	1	197	0	29	0	T
p122#10	612	G	R	221	4	1,78%	1	1	72	71	0.98	1	1	221	0	4	0	A
p122#10	616	C	Y	222	1	0,45%	1	1	71	74	0.98	1	1	222	0	1	0	T
p122#10	622	G	R	202	3	1,46%	1	1	72	66	0.98	1	1	202	0	3	0	A
p122#10	627	C	Y	185	27	12,74%	1	1	71	69	0.98	1	1	185	0	27	0	T
p122#10	630	C	Y	191	13	6,37%	1	1	71	70	0.98	1	1	191	0	13	0	T
p122#10	634	C	Y	163	35	17,68%	1	1	72	71	0.98	1	1	163	0	35	0	T
p122#10	636	G	R	207	4	1,9%	1	1	72	66	0.98	1	1	207	0	4	0	A
p122#10	639	C	Y	207	6	2,82%	1	1	70	72	0.98	1	1	207	0	6	0	T
p122#10	641	C	Y	214	1	0,47%	1	1	71	74	0.98	1	1	214	0	1	0	T
p122#10	642	C	Y	208	2	0,95%	1	1	71	60	0.98	1	1	208	0	2	0	T
p122#10	645	C	Y	178	29	14,01%	1	1	72	66	0.98	1	1	178	0	29	0	T
p122#10	648	C	Y	146	57	28,08%	1	1	72	71	0.98	1	1	146	0	57	0	T
p122#10	649	C	Y	163	44	21,26%	1	1	70	69	0.98	1	1	163	0	44	0	T
p122#10	650	G	R	204	5	2,39%	1	1	71	74	0.98	1	1	204	0	5	0	A
p122#10	651	G	R	205	3	1,44%	1	1	70	71	0.98	1	1	205	0	3	0	A
p122#10	663	C	Y	178	16	8,25%	1	1	72	73	0.98	1	1	178	0	16	0	T
p122#10	665	G	R	196	2	1,01%	1	1	72	68	0.98	1	1	196	0	2	0	A
p122#10	668	C	Y	188	4	2,08%	1	1	72	74	0.98	1	1	188	0	4	0	T
p122#10	670	C	Y	168	13	7,18%	1	1	71	73	0.98	1	1	168	0	13	0	T
p122#10	672	C	Y	188	4	2,08%	1	1	71	74	0.98	1	1	188	0	4	0	T
p122#10	675	C	Y	142	42	22,83%	1	1	70	72	0.98	1	1	142	0	42	0	T
p122#10	676	C	Y	125	50	28,57%	1	1	70	72	0.98	1	1	125	0	50	0	T
p122#10	677	C	Y	151	40	20,94%	1	1	69	71	0.98	1	1	151	0	40	0	T
p122#10	681	C	Y	164	39	19,21%	1	1	69	72	0.98	1	1	164	0	39	0	T
p122#10	682	C	Y	184	15	7,54%	1	1	71	71	0.98	1	1	184	0	15	0	T
p122#10	694	C	Y	151	27	15,17%	1	1	71	68	0.98	1	1	151	0	27	0	T
p122#10	697	C	Y	180	2	1,1%	1	1	71	74	0.98	1	1	180	0	2	0	T
p122#10	703	C	Y	146	23	13,61%	1	1	71	72	0.98	1	1	146	0	23	0	T
p122#10	704	G	R	165	3	1,79%	1	1	70	74	0.98	1	1	165	0	3	0	A
p122#10	705	G	R	166	2	1,19%	1	1	72	74	0.98	1	1	166	0	2	0	A
p122#10	707	C	Y	182	1	0,55%	1	1	71	62	0.98	1	1	182	0	1	0	T
p122#10	708	C	Y	171	3	1,72%	1	1	71	70	0.98	1	1	171	0	3	0	T
p122#10	711	C	Y	157	18	10,29%	1	1	73	70	0.98	1	1	157	0	18	0	T
p122#10	716	G	R	171	5	2,84%	1	1	71	73	0.98	1	1	171	0	5	0	A
p122#10	717	G	R	174	1	0,57%	1	1	71	74	0.98	1	1	174	0	1	0	A
p122#10	718	G	R	170	1	0,58%	1	1	72	74	0.98	1	1	170	0	1	0	A
p122#10	724	G	R	173	1	0,57%	1	1	71	74	0.98	1	1	173	0	1	0	A
p122#10	728	C	Y	181	1	0,55%	1	1	70	74	0.98	1	1	181	0	1	0	T
p122#10	729	C	Y	170	10	5,56%	1	1	72	67	0.98	1	1	170	0	10	0	T
p122#10	733	C	Y	168	1	0,59%	1	1	72	74	0.98	1	1	168	0	1	0	T
p122#10	748	G	R	161	16	9,04%	1	1	72	70	0.98	1	1	161	0	16	0	A
p122#10	756	C	Y	157	21	11,8%	1	1	72	68	0.98	1	1	157	0	21	0	T
p122#10	759	C	Y	179	6	3,24%	1	1	70	72	0.98	1	1	179	0	6	0	T
p122#10	762	C	Y	176	15	7,85%	1	1	73	70	0.98	1	1	176	0	15	0	T
p122#10	766	C	Y	188	3	1,57%	1	1	72	65	0.98	1	1	188	0	3	0	T
p122#10	768	G	R	185	5	2,63%	1	1	73	71	0.98	1	1	185	0	5	0	A
p122#10	770	G	R	190	2	1,04%	1	1	72	59	0.98	1	1	190	0	2	0	A
p122#10	773	G	R	188	2	1,05%	1	1	72	74	0.98	1	1	188	0	2	0	A
p122#10	777	C	Y	185	12	6,09%	1	1	72	71	0.98	1	1	185	0	12	0	T
p122#10	778	C	Y	192	3	1,54%	1	1	72	65	0.98	1	1	192	0	3	0	T
p122#10	781	G	R	194	4	2,02%	1	1	71	74	0.98	1	1	194	0	4	0	A
p122#10	787	G	R	189	6	3,08%	1	1	72	72	0.98	1	1	189	0	6	0	A
p122#10	797	C	Y	223	1	0,45%	1	1	72	74	0.98	1	1	223	0	1	0	T
p122#10	798	C	Y	214	6	2,73%	1	1	72	67	0.98	1	1	214	0	6	0	T
p122#10	801	C	Y	212	8	3,64%	1	1	72	72	0.98	1	1	212	0	8	0	T
p122#10	804	C	Y	174	47	21,27%	1	1	73	70	0.98	1	1	174	0	47	0	T
p122#10	807	C	Y	198	22	10%	1	1	72	71	0.98	1	1	198	0	22	0	T
p122#10	808	G	R	221	4	1,78%	1	1	72	74	0.98	1	1	221	0	4	0	A
p122#10	814	C	Y	211	4	1,86%	1	1	72	73	0.98	1	1	211	0	4	0	T
p122#10	825	C	Y	175	37	17,45%	1	1	71	71	0.98	1	1	175	0	37	0	T
p122#10	826	C	Y	135	69	33,82%	1	1	70	71	0.98	1	1	135	0	69	0	T
p122#10	827	C	Y	194	18	8,49%	1	1	72	69	0.98	1	1	194	0	18	0	T
p122#10	832	G	R	222	5	2,2%	1	1	72	72	0.98	1	1	222	0	5	0	A
p122#10	835	A	R	222	1	0,45%	1	1	73	74	0.98	1	1	222	0	1	0	G
p122#10	837	C	Y	223	8	3,46%	1	1	71	72	0.98	1	1	223	0	8	0	T
p122#10	840	C	Y	64	153	70,51%	1	1	73	70	0.98	1	1	64	0	153	0	T
p122#10	841	C	Y	185	36	16,29%	1	1	71	71	0.98	1	1	185	0	36	0	T
p122#10	842	G	R	234	3	1,27%	1	1	72	70	0.98	1	1	234	0	3	0	A
p122#10	843	G	R	227	4	1,73%	1	1	71	68	0.98	1	1	227	0	4	0	A
p122#10	844	G	R	228	2	0,87%	1	1	72	71	0.98	1	1	228	0	2	0	A
p122#10	848	G	R	204	4	1,92%	1	1	73	74	0.98	1	1	204	0	4	0	A
p122#10	850	C	Y	211	2	0,94%	1	1	72	74	0.98	1	1	211	0	2	0	T
p122#10	856	C	Y	187	16	7,88%	1	1	73	70	0.98	1	1	187	0	16	0	T
p122#10	858	G	R	194	5	2,51%	1	1	72	74	0.98	1	1	194	0	5	0	A
p122#10	859	G	R	194	1	0,51%	1	1	72	74	0.98	1	1	194	0	1	0	A
p122#10	864	C	Y	162	31	16,06%	1	1	72	71	0.98	1	1	162	0	31	0	T
p122#10	865	C	Y	177	12	6,35%	1	1	71	73	0.98	1	1	177	0	12	0	T
p122#10	866	G	R	182	5	2,67%	1	1	72	68	0.98	1	1	182	0	5	0	A
p122#10	867	G	R	191	1	0,52%	1	1	72	74	0.98	1	1	191	0	1	0	A
p122#10	868	G	R	189	1	0,53%	1	1	73	74	0.98	1	1	189	0	1	0	A
p122#10	873	C	Y	160	25	13,51%	1	1	73	71	0.98	1	1	160	0	25	0	T
p122#10	877	C	Y	167	13	7,22%	1	1	72	73	0.98	1	1	167	0	13	0	T
p122#10	878	G	R	185	1	0,54%	1	1	72	74	0.98	1	1	185	0	1	0	A
p122#10	894	C	Y	194	1	0,51%	1	1	72	74	0.98	1	1	194	0	1	0	T
p122#10	901	A	R	213	1	0,47%	1	1	72	74	0.98	1	1	213	0	1	0	G
p122#10	903	C	Y	202	6	2,88%	1	1	71	63	0.98	1	1	202	0	6	0	T
p122#10	910	G	R	210	1	0,47%	1	1	73	74	0.98	1	1	210	0	1	0	A
p122#10	916	C	Y	217	1	0,46%	1	1	71	74	0.98	1	1	217	0	1	0	T
p122#10	917	G	R	220	1	0,45%	1	1	72	62	0.98	1	1	220	0	1	0	A
p122#10	918	G	R	218	3	1,36%	1	1	72	70	0.98	1	1	218	0	3	0	A
p122#10	920	G	R	216	3	1,37%	1	1	73	74	0.98	1	1	216	0	3	0	A
p122#10	924	G	R	223	1	0,45%	1	1	73	48	0.98	1	1	223	0	1	0	A
p122#10	925	G	R	226	1	0,44%	1	1	72	74	0.98	1	1	226	0	1	0	A
p122#10	926	A	R	235	1	0,42%	1	1	73	60	0.98	1	1	235	0	1	0	G
p122#10	930	C	Y	199	24	10,76%	1	1	72	72	0.98	1	1	199	0	24	0	T
p122#10	931	C	Y	208	15	6,73%	1	1	72	74	0.98	1	1	208	0	15	0	T
p122#10	932	C	Y	214	18	7,76%	1	1	72	72	0.98	1	1	214	0	18	0	T
p122#10	936	C	Y	239	3	1,24%	1	1	72	74	0.98	1	1	239	0	3	0	T
p122#10	937	G	R	235	2	0,84%	1	1	73	74	0.98	1	1	235	0	2	0	A
p122#10	941	G	R	234	1	0,43%	1	1	72	74	0.98	1	1	234	0	1	0	A
p122#10	943	C	Y	233	1	0,43%	1	1	73	74	0.98	1	1	233	0	1	0	T
p122#10	946	C	Y	239	1	0,42%	1	1	72	74	0.98	1	1	239	0	1	0	T
p122#10	947	G	R	242	2	0,82%	1	1	72	74	0.98	1	1	242	0	2	0	A
p122#10	950	C	Y	240	1	0,41%	1	1	72	74	0.98	1	1	240	0	1	0	T
p122#10	954	C	Y	238	6	2,46%	1	1	72	65	0.98	1	1	238	0	6	0	T
p122#10	958	G	R	249	1	0,4%	1	1	72	74	0.98	1	1	249	0	1	0	A
p122#10	967	C	Y	228	29	11,28%	1	1	73	72	0.98	1	1	228	0	29	0	T
p122#10	975	C	Y	264	4	1,49%	1	1	71	67	0.98	1	1	264	0	4	0	T
p122#10	979	C	Y	232	26	10,08%	1	1	72	68	0.98	1	1	232	0	26	0	T
p122#10	982	G	R	242	1	0,41%	1	1	71	74	0.98	1	1	242	0	1	0	A
p122#10	987	C	Y	242	6	2,42%	1	1	72	74	0.98	1	1	242	0	6	0	T
p122#10	990	C	Y	214	36	14,4%	1	1	72	72	0.98	1	1	214	0	36	0	T
p122#10	1002	C	Y	199	4	1,97%	1	1	72	74	0.98	1	1	199	0	4	0	T
p122#10	1005	C	Y	174	29	14,29%	1	1	73	69	0.98	1	1	174	0	29	0	T
p122#10	1008	C	Y	196	3	1,51%	1	1	72	70	0.98	1	1	196	0	3	0	T
p122#10	1011	C	Y	163	35	17,68%	1	1	72	68	0.98	1	1	163	0	35	0	T
p122#10	1013	C	Y	192	1	0,52%	1	1	71	74	0.98	1	1	192	0	1	0	T
p122#10	1014	C	Y	182	9	4,71%	1	1	72	69	0.98	1	1	182	0	9	0	T
p122#10	1017	C	Y	111	73	39,67%	1	1	72	71	0.98	1	1	111	0	73	0	T
p122#10	1023	C	Y	160	9	5,33%	1	1	72	72	0.98	1	1	160	0	9	0	T
p122#10	1029	C	Y	158	8	4,82%	1	1	71	72	0.98	1	1	158	0	8	0	T
p122#10	1032	G	R	167	1	0,6%	1	1	72	74	0.98	1	1	167	0	1	0	A
p122#10	1035	C	Y	156	2	1,27%	1	1	70	74	0.98	1	1	156	0	2	0	T
p122#10	1043	G	R	165	2	1,2%	1	1	71	74	0.98	1	1	165	0	2	0	A
p122#10	1047	C	Y	169	2	1,17%	1	1	72	74	0.98	1	1	169	0	2	0	T
p122#10	1050	C	Y	97	72	42,6%	1	1	70	71	0.98	1	1	97	0	72	0	T
p122#10	1051	C	Y	164	10	5,75%	1	1	71	71	0.98	1	1	164	0	10	0	T
p122#10	1056	G	R	180	1	0,55%	1	1	71	74	0.98	1	1	180	0	1	0	A
p122#10	1067	C	Y	184	1	0,54%	1	1	70	74	0.98	1	1	184	0	1	0	T
p122#10	1077	C	Y	186	3	1,58%	1	1	70	63	0.98	1	1	186	0	3	0	T
p122#10	1081	G	R	199	6	2,93%	1	1	72	67	0.98	1	1	199	0	6	0	A
p122#10	1084	G	R	199	4	1,97%	1	1	72	74	0.98	1	1	199	0	4	0	A
p122#10	1088	G	R	194	1	0,51%	1	1	69	74	0.98	1	1	194	0	1	0	A
p122#10	1089	C	Y	180	17	8,63%	1	1	69	74	0.98	1	1	180	0	17	0	T
p122#10	1090	C	Y	189	9	4,55%	1	1	71	68	0.98	1	1	189	0	9	0	T
p122#10	1098	C	Y	173	17	8,95%	1	1	71	68	0.98	1	1	173	0	17	0	T
p122#10	1101	C	Y	164	20	10,81%	1	1	71	68	0.98	1	1	164	0	20	0	T
p122#10	1104	C	Y	153	29	15,93%	1	1	70	70	0.98	1	1	153	0	29	0	T
p122#10	1107	C	Y	166	14	7,78%	1	1	71	69	0.98	1	1	166	0	14	0	T
p122#10	1112	G	R	175	5	2,78%	1	1	71	71	0.98	1	1	175	0	5	0	A
p122#10	1116	C	Y	173	1	0,57%	1	1	70	74	0.98	1	1	173	0	1	0	T
p122#10	1117	C	Y	168	2	1,18%	1	1	70	74	0.98	1	1	168	0	2	0	T
p122#10	1122	C	Y	105	70	40%	1	1	71	70	0.98	1	1	105	0	70	0	T
p122#10	1125	C	Y	198	1	0,5%	1	1	69	74	0.98	1	1	198	0	1	0	T
p122#10	1126	C	Y	176	18	9,28%	1	1	68	71	0.98	1	1	176	0	18	0	T
p122#10	1128	C	Y	169	27	13,78%	1	1	70	72	0.98	1	1	169	0	27	0	T
p122#10	1129	C	Y	161	35	17,86%	1	1	70	69	0.98	1	1	161	0	35	0	T
p122#10	1134	G	R	191	1	0,52%	1	1	71	74	0.98	1	1	191	0	1	0	A
p122#10	1135	A	R	200	1	0,5%	1	1	70	62	0.98	1	1	200	0	1	0	G
p122#10	1138	C	Y	211	1	0,47%	1	1	70	50	0.98	1	1	211	0	1	0	T
p122#10	1145	C	Y	198	8	3,88%	1	1	70	74	0.98	1	1	198	0	8	0	T
p122#10	1146	C	Y	219	6	2,67%	1	1	71	74	0.98	1	1	219	0	6	0	T
p122#10	1164	G	R	181	1	0,55%	1	1	72	74	0.98	1	1	181	0	1	0	A
p122#10	1166	T	K	178	1	0,56%	1	1	73	74	0.98	1	1	178	0	1	0	G
p122#10	1167	C	Y	163	12	6,86%	1	1	72	74	0.98	1	1	163	0	12	0	T
p122#10	1168	C	Y	168	5	2,89%	1	1	72	74	0.98	1	1	168	0	5	0	T
p122#10	1180	G	R	156	1	0,64%	1	1	72	74	0.98	1	1	156	0	1	0	A
p122#10	1182	C	Y	157	1	0,63%	1	1	70	74	0.98	1	1	157	0	1	0	T
p122#10	1186	G	R	146	1	0,68%	1	1	72	74	0.98	1	1	146	0	1	0	A
p122#10	1197	C	Y	146	5	3,31%	1	1	70	74	0.98	1	1	146	0	5	0	T
p122#10	1198	G	R	138	2	1,43%	1	1	72	74	0.98	1	1	138	0	2	0	A
p122#10	1207	C	Y	145	7	4,61%	1	1	71	74	0.98	1	1	145	0	7	0	T
p122#10	1208	C	Y	140	12	7,89%	1	1	71	73	0.98	1	1	140	0	12	0	T
p122#10	1213	C	Y	159	15	8,62%	1	1	72	71	0.98	1	1	159	0	15	0	T
p122#10	1218	G	R	187	2	1,06%	1	1	72	74	0.98	1	1	187	0	2	0	A
p122#10	1219	G	R	194	1	0,51%	1	1	72	74	0.98	1	1	194	0	1	0	A
p122#10	1225	G	R	212	1	0,47%	1	1	72	74	0.98	1	1	212	0	1	0	A
p122#10	1230	C	Y	208	4	1,89%	1	1	72	74	0.98	1	1	208	0	4	0	T
p122#10	1231	G	R	211	1	0,47%	1	1	72	74	0.98	1	1	211	0	1	0	A
p122#10	1240	G	R	206	1	0,48%	1	1	72	74	0.98	1	1	206	0	1	0	A
p122#10	1243	C	Y	206	6	2,83%	1	1	73	69	0.98	1	1	206	0	6	0	T
p122#10	1251	C	Y	216	9	4%	1	1	72	73	0.98	1	1	216	0	9	0	T
p122#10	1258	C	Y	199	24	10,76%	1	1	72	70	0.98	1	1	199	0	24	0	T
p122#10	1260	C	Y	224	3	1,32%	1	1	72	70	0.98	1	1	224	0	3	0	T
p122#10	1263	C	Y	224	3	1,32%	1	1	72	57	0.98	1	1	224	0	3	0	T
p122#10	1269	T	Y	222	1	0,45%	1	1	73	62	0.98	1	1	222	0	1	0	C
p122#10	1275	C	Y	218	1	0,46%	1	1	72	74	0.98	1	1	218	0	1	0	T
p122#10	1280	C	Y	211	10	4,52%	1	1	72	72	0.98	1	1	211	0	10	0	T
p122#10	1296	G	R	207	1	0,48%	1	1	73	74	0.98	1	1	207	0	1	0	A
p122#10	1299	C	Y	200	5	2,44%	1	1	72	71	0.98	1	1	200	0	5	0	T
p122#10	1300	C	Y	195	9	4,41%	1	1	72	71	0.98	1	1	195	0	9	0	T
p122#10	1302	G	R	200	3	1,48%	1	1	72	70	0.98	1	1	200	0	3	0	A
p122#10	1308	T	Y	210	1	0,47%	1	1	71	63	0.98	1	1	210	0	1	0	C
p122#10	1311	C	Y	193	12	5,85%	1	1	72	74	0.98	1	1	193	0	12	0	T
p122#10	1314	C	Y	197	2	1,01%	1	1	71	74	0.98	1	1	197	0	2	0	T
p122#10	1317	C	Y	194	2	1,02%	1	1	72	61	0.98	1	1	194	0	2	0	T
p122#10	1319	C	Y	188	1	0,53%	1	1	73	74	0.98	1	1	188	0	1	0	T
p122#10	1320	G	S	188	1	0,53%	1	1	72	74	0.98	1	1	188	0	1	0	C
p122#10	1321	G	R	186	2	1,06%	1	1	72	74	0.98	1	1	186	0	2	0	A
p122#10	1326	A	R	171	2	1,16%	1	1	72	59	0.98	1	1	171	0	2	0	G
p122#10	1330	C	Y	161	2	1,23%	1	1	71	74	0.98	1	1	161	0	2	0	T
p122#10	1331	C	Y	163	2	1,21%	1	1	72	74	0.98	1	1	163	0	2	0	T
p122#10	1335	C	Y	136	8	5,56%	1	1	73	71	0.98	1	1	136	0	8	0	T
p122#10	1336	C	Y	139	6	4,14%	1	1	72	74	0.98	1	1	139	0	6	0	T
p122#10	1338	G	R	145	1	0,68%	1	1	73	74	0.98	1	1	145	0	1	0	A
p122#10	1342	C	Y	144	1	0,69%	1	1	73	74	0.98	1	1	144	0	1	0	T
p122#10	1343	C	Y	141	4	2,76%	1	1	73	74	0.98	1	1	141	0	4	0	T
p122#10	1353	G	R	143	1	0,69%	1	1	73	74	0.98	1	1	143	0	1	0	A
p122#10	1356	C	Y	149	1	0,67%	1	1	72	74	0.98	1	1	149	0	1	0	T
p122#10	1357	A	R	150	1	0,66%	1	1	72	74	0.98	1	1	150	0	1	0	G
p122#10	1360	C	Y	148	1	0,67%	1	1	72	74	0.98	1	1	148	0	1	0	T
p122#10	1365	C	Y	139	14	9,15%	1	1	71	71	0.98	1	1	139	0	14	0	T
p122#10	1369	G	R	157	1	0,63%	1	1	72	74	0.98	1	1	157	0	1	0	A
p122#10	1371	C	Y	158	2	1,25%	1	1	71	67	0.98	1	1	158	0	2	0	T
p122#10	1375	C	Y	145	18	11,04%	1	1	71	71	0.98	1	1	145	0	18	0	T
p122#10	1385	C	Y	179	2	1,1%	1	1	72	74	0.98	1	1	179	0	2	0	T
p122#10	1392	C	Y	180	1	0,55%	1	1	71	74	0.98	1	1	180	0	1	0	T
p122#10	1393	C	Y	171	10	5,52%	1	1	71	72	0.98	1	1	171	0	10	0	T
p122#10	1394	C	Y	163	21	11,41%	1	1	72	73	0.98	1	1	163	0	21	0	T
p122#10	1396	G	R	195	2	1,02%	1	1	71	68	0.98	1	1	195	0	2	0	A
p122#10	1399	C	Y	162	26	13,83%	1	1	72	70	0.98	1	1	162	0	26	0	T
p122#10	1411	C	Y	202	1	0,49%	1	1	72	74	0.98	1	1	202	0	1	0	T
p122#10	1414	G	R	196	2	1,01%	1	1	72	74	0.98	1	1	196	0	2	0	A
p122#10	1422	C	Y	182	16	8,08%	1	1	71	70	0.98	1	1	182	0	16	0	T
p122#10	1427	C	Y	188	10	5,05%	1	1	71	69	0.98	1	1	188	0	10	0	T
p122#10	1435	C	Y	205	2	0,97%	1	1	71	74	0.98	1	1	205	0	2	0	T
p122#10	1436	C	Y	211	4	1,86%	1	1	72	74	0.98	1	1	211	0	4	0	T
p122#10	1437	G	R	207	1	0,48%	1	1	71	74	0.98	1	1	207	0	1	0	A
p122#10	1450	C	Y	199	1	0,5%	1	1	73	74	0.98	1	1	199	0	1	0	T
p122#10	1453	G	R	204	1	0,49%	1	1	72	74	0.98	1	1	204	0	1	0	A
p122#10	1460	C	Y	207	1	0,48%	1	1	72	48	0.98	1	1	207	0	1	0	T
p122#10	1461	G	R	200	2	0,99%	1	1	72	74	0.98	1	1	200	0	2	0	A
p122#10	1467	C	Y	212	2	0,93%	1	1	72	74	0.98	1	1	212	0	2	0	T
p122#10	1474	G	R	211	1	0,47%	1	1	72	74	0.98	1	1	211	0	1	0	A
p122#10	1476	C	Y	213	1	0,47%	1	1	72	74	0.98	1	1	213	0	1	0	T
p122#10	1477	G	R	208	1	0,48%	1	1	73	74	0.98	1	1	208	0	1	0	A
p122#10	1485	G	R	191	1	0,52%	1	1	72	48	0.98	1	1	191	0	1	0	A
p122#10	1494	C	Y	184	9	4,66%	1	1	71	73	0.98	1	1	184	0	9	0	T
p122#10	1495	C	Y	186	7	3,63%	1	1	73	74	0.98	1	1	186	0	7	0	T
p122#10	1497	C	Y	197	2	1,01%	1	1	72	74	0.98	1	1	197	0	2	0	T
p122#10	1500	G	R	202	4	1,94%	1	1	72	67	0.98	1	1	202	0	4	0	A
p122#10	1512	C	Y	195	5	2,5%	1	1	72	68	0.98	1	1	195	0	5	0	T
p122#10	1516	G	R	202	1	0,49%	1	1	72	74	0.98	1	1	202	0	1	0	A
p122#10	1524	C	Y	198	6	2,94%	1	1	70	72	0.98	1	1	198	0	6	0	T
p122#10	1525	C	Y	198	2	1%	1	1	70	68	0.98	1	1	198	0	2	0	T
p122#10	1527	G	R	189	1	0,53%	1	1	71	62	0.98	1	1	189	0	1	0	A
p122#10	1534	C	Y	184	4	2,13%	1	1	69	61	0.98	1	1	184	0	4	0	T
p122#10	1539	C	Y	155	38	19,69%	1	1	69	71	0.98	1	1	155	0	38	0	T
p122#10	1545	G	R	182	2	1,09%	1	1	67	67	0.98	1	1	182	0	2	0	A
p122#10	1554	C	Y	165	12	6,78%	1	1	69	73	0.98	1	1	165	0	12	0	T
p122#10	1555	G	R	173	1	0,57%	1	1	67	74	0.98	1	1	173	0	1	0	A
p122#10	1560	C	Y	173	15	7,98%	1	1	67	70	0.98	1	1	173	0	15	0	T
p122#10	1564	G	R	177	2	1,12%	1	1	68	74	0.98	1	1	177	0	2	0	A
p122#10	1579	C	Y	159	11	6,47%	1	1	68	71	0.98	1	1	159	0	11	0	T
p122#10	1581	G	R	161	1	0,62%	1	1	71	48	0.98	1	1	161	0	1	0	A
p122#10	1585	C	Y	153	2	1,29%	1	1	68	69	0.98	1	1	153	0	2	0	T
p122#10	1593	G	R	151	1	0,66%	1	1	69	74	0.98	1	1	151	0	1	0	A
p122#10	1596	A	R	139	1	0,71%	1	1	70	48	0.98	1	1	139	0	1	0	G
p122#10	1605	C	Y	128	13	9,22%	1	1	67	73	0.98	1	1	128	0	13	0	T
p122#10	1610	C	Y	110	18	14,06%	1	1	71	67	0.98	1	1	110	0	18	0	T
p122#10	1611	C	Y	103	24	18,9%	1	1	69	67	0.98	1	1	103	0	24	0	T
p122#10	1612	C	Y	124	2	1,59%	1	1	69	74	0.98	1	1	124	0	2	0	T
p122#10	1626	C	Y	128	15	10,49%	1	1	72	64	0.98	1	1	128	0	15	0	T
p122#10	1628	C	Y	140	1	0,71%	1	1	72	74	0.98	1	1	140	0	1	0	T
p122#10	1629	C	Y	135	6	4,26%	1	1	71	70	0.98	1	1	135	0	6	0	T
p122#10	1631	C	Y	143	2	1,38%	1	1	71	54	0.98	1	1	143	0	2	0	T
p122#10	1632	G	R	138	2	1,43%	1	1	70	74	0.98	1	1	138	0	2	0	A
p122#10	1633	G	R	134	1	0,74%	1	1	67	74	0.98	1	1	134	0	1	0	A
p122#10	1641	G	R	121	2	1,6%	1	1	65	74	0.98	1	1	121	0	2	0	A
p122#10	1657	G	R	129	1	0,77%	1	1	71	74	0.98	1	1	129	0	1	0	A
p122#10	1659	C	Y	129	2	1,53%	1	1	72	73	0.98	1	1	129	0	2	0	T
p122#10	1665	C	Y	128	3	2,29%	1	1	72	74	0.98	1	1	128	0	3	0	T
p122#10	1671	C	Y	124	13	9,49%	1	1	73	73	0.98	1	1	124	0	13	0	T
p122#10	1672	C	Y	134	5	3,6%	1	1	71	71	0.98	1	1	134	0	5	0	T
p122#10	1674	C	Y	143	1	0,69%	1	1	71	74	0.98	1	1	143	0	1	0	T
p122#10	1684	G	R	133	2	1,48%	1	1	72	68	0.98	1	1	133	0	2	0	A
p122#10	1687	G	R	129	1	0,77%	1	1	73	74	0.98	1	1	129	0	1	0	A
p122#10	1690	G	R	140	2	1,41%	1	1	72	74	0.98	1	1	140	0	2	0	A
p122#10	1699	C	Y	158	18	10,23%	1	1	73	71	0.98	1	1	158	0	18	0	T
p122#10	1702	C	Y	181	2	1,09%	1	1	73	66	0.98	1	1	181	0	2	0	T
p122#10	1707	C	Y	181	4	2,16%	1	1	72	71	0.98	1	1	181	0	4	0	T
p122#10	1711	C	Y	182	5	2,67%	1	1	73	74	0.98	1	1	182	0	5	0	T
p122#10	1717	C	Y	168	13	7,18%	1	1	73	72	0.98	1	1	168	0	13	0	T
p122#10	1727	C	Y	200	1	0,5%	1	1	73	48	0.98	1	1	200	0	1	0	T
p122#10	1730	C	Y	207	7	3,27%	1	1	72	74	0.98	1	1	207	0	7	0	T
p122#10	1741	G	R	229	1	0,43%	1	1	73	74	0.98	1	1	229	0	1	0	A
p122#10	1744	C	Y	217	12	5,24%	1	1	72	73	0.98	1	1	217	0	12	0	T
p122#10	1745	C	Y	232	4	1,69%	1	1	72	74	0.98	1	1	232	0	4	0	T
p122#10	1749	C	Y	230	12	4,96%	1	1	73	70	0.98	1	1	230	0	12	0	T
p122#10	1750	C	Y	238	6	2,46%	1	1	73	72	0.98	1	1	238	0	6	0	T
p122#10	1753	C	Y	247	2	0,8%	1	1	73	61	0.98	1	1	247	0	2	0	T
p122#10	1756	C	Y	244	2	0,81%	1	1	72	74	0.98	1	1	244	0	2	0	T
p122#10	1757	C	Y	235	7	2,89%	1	1	72	65	0.98	1	1	235	0	7	0	T
p122#10	1759	G	R	234	2	0,85%	1	1	72	74	0.98	1	1	234	0	2	0	A
p122#10	1765	C	Y	220	6	2,65%	1	1	73	74	0.98	1	1	220	0	6	0	T
p122#10	1767	C	Y	226	2	0,88%	1	1	73	74	0.98	1	1	226	0	2	0	T
p122#10	1771	C	Y	224	3	1,32%	1	1	73	74	0.98	1	1	224	0	3	0	T
p122#10	1779	C	Y	236	8	3,28%	1	1	72	74	0.98	1	1	236	0	8	0	T
p122#10	1780	C	Y	233	12	4,9%	1	1	73	74	0.98	1	1	233	0	12	0	T
p122#10	1784	C	Y	211	21	9,05%	1	1	72	71	0.98	1	1	211	0	21	0	T
p122#10	1785	C	Y	222	7	3,06%	1	1	72	74	0.98	1	1	222	0	7	0	T
p122#10	1793	C	Y	199	11	5,24%	1	1	72	69	0.98	1	1	199	0	11	0	T
p122#10	1798	G	R	197	2	1,01%	1	1	73	74	0.98	1	1	197	0	2	0	A
p122#10	1801	C	Y	168	28	14,29%	1	1	72	72	0.98	1	1	168	0	28	0	T
p122#10	1802	C	Y	149	53	26,24%	1	1	72	71	0.98	1	1	149	0	53	0	T
p122#10	1803	G	R	207	1	0,48%	1	1	72	74	0.98	1	1	207	0	1	0	A
p122#10	1805	A	R	199	1	0,5%	1	1	73	73	0.98	1	1	199	0	1	0	G
p122#10	1807	G	R	201	1	0,49%	1	1	72	74	0.98	1	1	201	0	1	0	A
p122#10	1819	C	Y	196	4	2%	1	1	72	74	0.98	1	1	196	0	4	0	T
p122#10	1824	G	R	194	1	0,51%	1	1	71	74	0.98	1	1	194	0	1	0	A
p122#10	1827	C	Y	183	8	4,19%	1	1	72	69	0.98	1	1	183	0	8	0	T
p122#10	1828	C	Y	185	7	3,65%	1	1	72	65	0.98	1	1	185	0	7	0	T
p122#10	1831	C	Y	188	2	1,05%	1	1	73	66	0.98	1	1	188	0	2	0	T
p122#10	1833	G	R	176	2	1,12%	1	1	71	56	0.98	1	1	176	0	2	0	A
p122#10	1845	G	R	189	1	0,53%	1	1	72	74	0.98	1	1	189	0	1	0	A
p122#10	1846	G	K	188	1	0,53%	1	1	72	74	0.98	1	1	188	0	1	0	T
p122#10	1847	C	Y	189	1	0,53%	1	1	72	59	0.98	1	1	189	0	1	0	T
p122#10	1850	C	Y	195	1	0,51%	1	1	71	45	0.98	1	1	195	0	1	0	T
p122#10	1852	G	R	195	2	1,02%	1	1	69	68	0.98	1	1	195	0	2	0	A
p122#10	1857	C	Y	181	11	5,73%	1	1	73	65	0.98	1	1	181	0	11	0	T
p122#10	1860	C	Y	165	14	7,82%	1	1	71	71	0.98	1	1	165	0	14	0	T
p122#10	1861	C	Y	181	4	2,16%	1	1	72	74	0.98	1	1	181	0	4	0	T
p122#10	1864	G	R	189	1	0,53%	1	1	72	74	0.98	1	1	189	0	1	0	A
p122#10	1865	G	R	188	1	0,53%	1	1	70	62	0.98	1	1	188	0	1	0	A
p122#10	1869	G	R	181	1	0,55%	1	1	71	48	0.98	1	1	181	0	1	0	A
p122#10	1872	C	Y	187	1	0,53%	1	1	71	59	0.98	1	1	187	0	1	0	T
p122#10	1891	G	R	177	1	0,56%	1	1	69	74	0.98	1	1	177	0	1	0	A
p122#10	1892	G	R	177	1	0,56%	1	1	72	74	0.98	1	1	177	0	1	0	A
p122#10	1896	C	Y	167	6	3,47%	1	1	71	74	0.98	1	1	167	0	6	0	T
p122#10	1897	C	Y	164	5	2,96%	1	1	71	74	0.98	1	1	164	0	5	0	T
p122#10	1898	C	Y	161	13	7,47%	1	1	70	72	0.98	1	1	161	0	13	0	T
p122#10	1904	G	R	161	1	0,62%	1	1	72	74	0.98	1	1	161	0	1	0	A
p122#10	1914	C	Y	143	14	8,92%	1	1	71	70	0.98	1	1	143	0	14	0	T
p122#10	1925	C	Y	127	11	7,97%	1	1	72	72	0.98	1	1	127	0	11	0	T
p122#10	1936	C	Y	111	12	9,76%	1	1	71	74	0.98	1	1	111	0	12	0	T
p122#10	1937	C	Y	114	6	5%	1	1	71	72	0.98	1	1	114	0	6	0	T
p122#10	1939	C	Y	118	2	1,67%	1	1	71	74	0.98	1	1	118	0	2	0	T
p122#10	1940	T	Y	116	1	0,85%	1	1	72	74	0.98	1	1	116	0	1	0	C
p122#10	1941	C	Y	109	1	0,91%	1	1	73	74	0.98	1	1	109	0	1	0	T
p122#10	1955	C	Y	106	4	3,64%	1	1	69	71	0.98	1	1	106	0	4	0	T
p122#10	1956	C	Y	108	5	4,42%	1	1	72	71	0.98	1	1	108	0	5	0	T
p122#10	1958	G	R	108	2	1,8%	1	1	71	74	0.98	1	1	108	0	2	0	A
p122#10	1958	G	K	108	1	0,9%	1	1	71	72	0.98	1	1	108	0	1	0	A
p122#10	1966	C	Y	112	1	0,88%	1	1	70	74	0.98	1	1	112	0	1	0	T
p122#10	1969	C	Y	104	12	10,34%	1	1	71	68	0.98	1	1	104	0	12	0	T
p122#10	1979	G	R	135	1	0,74%	1	1	71	74	0.98	1	1	135	0	1	0	A
p122#10	1985	G	R	115	1	0,86%	1	1	70	74	0.98	1	1	115	0	1	0	A
p122#10	1986	G	R	112	2	1,75%	1	1	71	74	0.98	1	1	112	0	2	0	A
p122#10	1989	G	R	114	1	0,87%	1	1	72	74	0.98	1	1	114	0	1	0	A
p122#10	2002	C	Y	128	7	5,19%	1	1	71	69	0.98	1	1	128	0	7	0	T
p122#10	2007	T	Y	140	1	0,71%	1	1	69	74	0.98	1	1	140	0	1	0	C
p122#10	2010	C	Y	121	18	12,95%	1	1	72	70	0.98	1	1	121	0	18	0	T
p122#10	2011	C	Y	140	1	0,71%	1	1	71	74	0.98	1	1	140	0	1	0	T
p122#10	2016	C	Y	125	28	18,3%	1	1	72	70	0.98	1	1	125	0	28	0	T
p122#10	2019	C	Y	155	2	1,27%	1	1	69	74	0.98	1	1	155	0	2	0	T
p122#10	2020	C	Y	150	5	3,23%	1	1	72	71	0.98	1	1	150	0	5	0	T
p122#10	2026	C	Y	146	16	9,88%	1	1	70	71	0.98	1	1	146	0	16	0	T
p122#10	2027	C	Y	152	7	4,4%	1	1	68	71	0.98	1	1	152	0	7	0	T
p122#10	2028	C	Y	162	6	3,31%	1	1	69	71	0.98	1	1	162	0	6	0	T
p122#10	2036	C	Y	211	2	0,94%	1	1	70	64	0.98	1	1	211	0	2	0	T
p122#10	2039	C	Y	229	1	0,43%	1	1	71	62	0.98	1	1	229	0	1	0	T
p122#10	2046	C	Y	246	1	0,4%	1	1	70	74	0.98	1	1	246	0	1	0	T
p122#10	2047	C	Y	248	3	1,2%	1	1	71	66	0.98	1	1	248	0	3	0	T
p122#10	2050	C	Y	213	36	14,46%	1	1	71	72	0.98	1	1	213	0	36	0	T
p122#10	2051	C	Y	231	11	4,55%	1	1	71	74	0.98	1	1	231	0	11	0	T
p122#10	2059	G	R	272	1	0,37%	1	1	71	74	0.98	1	1	272	0	1	0	A
p122#10	2062	C	Y	251	30	10,68%	1	1	72	71	0.98	1	1	251	0	30	0	T
p122#10	2064	C	Y	276	1	0,36%	1	1	71	74	0.98	1	1	276	0	1	0	T
p122#10	2065	C	Y	270	6	2,17%	1	1	71	72	0.98	1	1	270	0	6	0	T
p122#10	2066	C	Y	278	3	1,07%	1	1	72	74	0.98	1	1	278	0	3	0	T
p122#10	2079	G	R	273	2	0,73%	1	1	72	62	0.98	1	1	273	0	2	0	A
p122#10	2095	G	R	249	1	0,4%	1	1	72	74	0.98	1	1	249	0	1	0	A
p122#10	2098	G	R	245	3	1,21%	1	1	72	74	0.98	1	1	245	0	3	0	A
p122#10	2101	C	Y	99	142	58,92%	1	1	72	71	0.98	1	1	99	0	142	0	T
p122#10	2106	G	R	254	3	1,17%	1	1	72	74	0.98	1	1	254	0	3	0	A
p122#10	2113	C	Y	254	1	0,39%	1	1	73	74	0.98	1	1	254	0	1	0	T
p122#10	2114	G	R	252	2	0,79%	1	1	73	60	0.98	1	1	252	0	2	0	A
p122#10	2116	G	R	238	1	0,42%	1	1	73	74	0.98	1	1	238	0	1	0	A
p122#10	2118	G	R	246	2	0,81%	1	1	72	74	0.98	1	1	246	0	2	0	A
p122#10	2119	G	R	241	4	1,63%	1	1	72	74	0.98	1	1	241	0	4	0	A
p122#10	2127	C	Y	222	20	8,26%	1	1	72	69	0.98	1	1	222	0	20	0	T
p122#10	2128	G	R	238	1	0,42%	1	1	71	74	0.98	1	1	238	0	1	0	A
p122#10	2134	G	R	220	5	2,22%	1	1	72	74	0.98	1	1	220	0	5	0	A
p122#10	2137	C	Y	207	16	7,17%	1	1	73	74	0.98	1	1	207	0	16	0	T
p122#10	2139	C	Y	190	27	12,44%	1	1	73	71	0.98	1	1	190	0	27	0	T
p122#10	2145	C	Y	205	2	0,97%	1	1	72	74	0.98	1	1	205	0	2	0	T
p122#10	2146	G	R	206	2	0,96%	1	1	71	74	0.98	1	1	206	0	2	0	A
p122#10	2151	G	R	204	2	0,97%	1	1	73	74	0.98	1	1	204	0	2	0	A
p122#10	2154	C	Y	179	18	9,14%	1	1	72	74	0.98	1	1	179	0	18	0	T
p122#10	2155	C	Y	185	16	7,96%	1	1	72	73	0.98	1	1	185	0	16	0	T
p122#10	2158	G	R	199	9	4,33%	1	1	73	71	0.98	1	1	199	0	9	0	A
p122#10	2160	G	R	205	5	2,38%	1	1	72	68	0.98	1	1	205	0	5	0	A
p122#10	2167	C	Y	159	24	13,11%	1	1	72	70	0.98	1	1	159	0	24	0	T
p122#10	2169	C	Y	172	5	2,82%	1	1	71	74	0.98	1	1	172	0	5	0	T
p122#10	2170	C	Y	179	1	0,56%	1	1	71	74	0.98	1	1	179	0	1	0	T
p122#10	2171	C	Y	177	2	1,12%	1	1	71	74	0.98	1	1	177	0	2	0	T
p122#10	2172	C	Y	177	3	1,67%	1	1	71	66	0.98	1	1	177	0	3	0	T
p122#10	2173	G	R	174	1	0,57%	1	1	72	74	0.98	1	1	174	0	1	0	A
p122#10	2185	C	Y	156	27	14,75%	1	1	71	73	0.98	1	1	156	0	27	0	T
p122#10	2186	C	Y	164	18	9,89%	1	1	70	70	0.98	1	1	164	0	18	0	T
p122#10	2193	G	R	164	2	1,2%	1	1	72	74	0.98	1	1	164	0	2	0	A
p122#10	2196	C	Y	172	1	0,58%	1	1	72	74	0.98	1	1	172	0	1	0	T
p122#10	2209	C	Y	169	6	3,43%	1	1	72	72	0.98	1	1	169	0	6	0	T
p122#10	2212	C	Y	165	7	4,07%	1	1	72	74	0.98	1	1	165	0	7	0	T
p122#10	2223	G	R	156	1	0,64%	1	1	71	48	0.98	1	1	156	0	1	0	A
p122#10	2231	C	Y	137	10	6,8%	1	1	71	65	0.98	1	1	137	0	10	0	T
p122#10	2232	C	Y	132	8	5,71%	1	1	70	74	0.98	1	1	132	0	8	0	T
p122#10	2233	C	Y	139	3	2,11%	1	1	71	74	0.98	1	1	139	0	3	0	T
p122#10	2239	G	R	135	1	0,74%	1	1	72	74	0.98	1	1	135	0	1	0	A
p122#10	2244	C	Y	133	6	4,32%	1	1	72	62	0.98	1	1	133	0	6	0	T
p122#10	2245	G	R	136	1	0,73%	1	1	72	63	0.98	1	1	136	0	1	0	A
p122#10	2246	G	R	137	1	0,72%	1	1	71	74	0.98	1	1	137	0	1	0	A
p122#10	2247	G	R	132	1	0,75%	1	1	70	74	0.98	1	1	132	0	1	0	A
p122#10	2248	C	Y	132	1	0,75%	1	1	71	74	0.98	1	1	132	0	1	0	T
p122#10	2259	C	Y	132	5	3,65%	1	1	73	74	0.98	1	1	132	0	5	0	T
p122#10	2263	C	Y	127	8	5,93%	1	1	73	70	0.98	1	1	127	0	8	0	T
p122#10	2267	G	R	122	1	0,81%	1	1	71	74	0.98	1	1	122	0	1	0	A
p122#10	2279	C	Y	92	34	26,98%	1	1	73	70	0.98	1	1	92	0	34	0	T
p122#10	2281	C	Y	136	7	4,9%	1	1	72	70	0.98	1	1	136	0	7	0	T
p122#10	2283	G	R	144	4	2,7%	1	1	72	71	0.98	1	1	144	0	4	0	A
p122#10	2303	C	Y	164	11	6,29%	1	1	73	67	0.98	1	1	164	0	11	0	T
p122#10	2306	C	Y	175	4	2,23%	1	1	72	74	0.98	1	1	175	0	4	0	T
p122#10	2310	C	Y	183	12	6,15%	1	1	73	67	0.98	1	1	183	0	12	0	T
p122#10	2314	G	R	195	4	2,01%	1	1	72	71	0.98	1	1	195	0	4	0	A
p122#10	2320	C	Y	193	1	0,52%	1	1	72	74	0.98	1	1	193	0	1	0	T
p122#10	2323	C	Y	193	13	6,31%	1	1	72	66	0.98	1	1	193	0	13	0	T
p122#10	2329	G	R	208	2	0,95%	1	1	72	74	0.98	1	1	208	0	2	0	A
p122#10	2345	G	R	201	1	0,5%	1	1	73	74	0.98	1	1	201	0	1	0	A
p122#10	2347	G	R	204	2	0,97%	1	1	72	74	0.98	1	1	204	0	2	0	A
p122#10	2363	C	Y	212	6	2,75%	1	1	71	74	0.98	1	1	212	0	6	0	T
p122#10	2364	C	Y	212	3	1,4%	1	1	72	73	0.98	1	1	212	0	3	0	T
p122#10	2370	C	Y	210	2	0,94%	1	1	72	74	0.98	1	1	210	0	2	0	T
p122#10	2373	G	R	200	2	0,99%	1	1	72	74	0.98	1	1	200	0	2	0	A
p122#10	2377	G	R	192	3	1,54%	1	1	72	69	0.98	1	1	192	0	3	0	A
p122#10	2384	C	Y	199	1	0,5%	1	1	73	74	0.98	1	1	199	0	1	0	T
p122#10	2387	C	Y	192	1	0,52%	1	1	73	74	0.98	1	1	192	0	1	0	T
p122#10	2390	C	Y	177	3	1,67%	1	1	72	74	0.98	1	1	177	0	3	0	T
p122#10	2391	C	Y	175	3	1,69%	1	1	71	70	0.98	1	1	175	0	3	0	T
p122#10	2401	C	Y	151	15	9,04%	1	1	72	67	0.98	1	1	151	0	15	0	T
p122#10	2412	C	Y	143	10	6,54%	1	1	72	74	0.98	1	1	143	0	10	0	T
p122#10	2413	G	R	146	1	0,68%	1	1	72	59	0.98	1	1	146	0	1	0	A
p122#10	2414	G	R	143	1	0,69%	1	1	73	74	0.98	1	1	143	0	1	0	A
p122#10	2421	G	R	142	1	0,7%	1	1	72	60	0.98	1	1	142	0	1	0	A
p122#10	2425	G	R	137	1	0,72%	1	1	72	74	0.98	1	1	137	0	1	0	A
p122#10	2433	C	Y	147	2	1,34%	1	1	71	74	0.98	1	1	147	0	2	0	T
p122#10	2454	G	R	160	1	0,62%	1	1	70	74	0.98	1	1	160	0	1	0	A
p122#10	2455	G	R	159	1	0,62%	1	1	71	74	0.98	1	1	159	0	1	0	A
p122#10	2458	C	Y	167	1	0,6%	1	1	72	74	0.98	1	1	167	0	1	0	T
p122#10	2467	C	Y	161	15	8,52%	1	1	73	70	0.98	1	1	161	0	15	0	T
p122#10	2470	C	Y	176	1	0,56%	1	1	71	74	0.98	1	1	176	0	1	0	T
p122#10	2473	G	R	170	4	2,3%	1	1	72	67	0.98	1	1	170	0	4	0	A
p122#10	2476	C	Y	165	18	9,84%	1	1	72	73	0.98	1	1	165	0	18	0	T
p122#10	2480	G	R	188	2	1,05%	1	1	72	74	0.98	1	1	188	0	2	0	A
p122#10	2481	G	R	182	2	1,09%	1	1	71	74	0.98	1	1	182	0	2	0	A
p122#10	2486	C	Y	194	3	1,52%	1	1	72	74	0.98	1	1	194	0	3	0	T
p122#10	2491	C	Y	190	1	0,52%	1	1	72	74	0.98	1	1	190	0	1	0	T
p122#10	2501	C	Y	192	2	1,03%	1	1	72	74	0.98	1	1	192	0	2	0	T
p122#10	2502	C	Y	191	1	0,52%	1	1	72	74	0.98	1	1	191	0	1	0	T
p122#10	2507	C	Y	188	6	3,09%	1	1	72	73	0.98	1	1	188	0	6	0	T
p122#10	2521	G	R	192	1	0,52%	1	1	73	74	0.98	1	1	192	0	1	0	A
p122#10	2526	C	Y	184	3	1,6%	1	1	72	74	0.98	1	1	184	0	3	0	T
p122#10	2528	C	Y	186	1	0,53%	1	1	73	74	0.98	1	1	186	0	1	0	T
p122#10	2529	G	R	187	1	0,53%	1	1	73	74	0.98	1	1	187	0	1	0	A
p122#10	2533	C	Y	183	1	0,54%	1	1	73	74	0.98	1	1	183	0	1	0	T
p122#10	2534	C	Y	182	3	1,62%	1	1	73	74	0.98	1	1	182	0	3	0	T
p122#10	2540	C	Y	195	1	0,51%	1	1	73	74	0.98	1	1	195	0	1	0	T
p122#10	2546	C	Y	188	1	0,53%	1	1	73	74	0.98	1	1	188	0	1	0	T
p122#10	2558	G	R	188	1	0,53%	1	1	72	74	0.98	1	1	188	0	1	0	A
p122#10	2563	C	Y	181	1	0,55%	1	1	73	74	0.98	1	1	181	0	1	0	T
p122#10	2574	C	Y	163	1	0,61%	1	1	71	74	0.98	1	1	163	0	1	0	T
p122#10	2581	C	Y	156	1	0,64%	1	1	73	74	0.98	1	1	156	0	1	0	T
p122#10	2587	C	Y	144	8	5,26%	1	1	73	68	0.98	1	1	144	0	8	0	T
p122#10	2591	C	Y	170	1	0,58%	1	1	72	58	0.98	1	1	170	0	1	0	T
p122#10	2594	C	Y	158	8	4,82%	1	1	73	74	0.98	1	1	158	0	8	0	T
p122#10	2595	C	Y	160	8	4,76%	1	1	72	74	0.98	1	1	160	0	8	0	T
p122#10	2596	C	Y	161	1	0,62%	1	1	72	74	0.98	1	1	161	0	1	0	T
p122#10	2597	G	R	169	1	0,59%	1	1	73	74	0.98	1	1	169	0	1	0	A
p122#10	2615	G	R	175	1	0,57%	1	1	73	74	0.98	1	1	175	0	1	0	A
p122#10	2616	G	R	170	2	1,16%	1	1	73	74	0.98	1	1	170	0	2	0	A
p122#10	2620	G	R	170	2	1,16%	1	1	73	74	0.98	1	1	170	0	2	0	A
p122#10	2622	G	R	166	1	0,6%	1	1	73	74	0.98	1	1	166	0	1	0	A
p122#10	2624	C	Y	175	1	0,57%	1	1	73	74	0.98	1	1	175	0	1	0	T
p122#10	2625	G	R	177	1	0,56%	1	1	71	62	0.98	1	1	177	0	1	0	A
p122#10	2626	G	R	177	2	1,12%	1	1	72	74	0.98	1	1	177	0	2	0	A
p122#10	2642	C	Y	182	1	0,55%	1	1	72	50	0.98	1	1	182	0	1	0	T
p122#10	2647	C	Y	186	5	2,62%	1	1	73	68	0.98	1	1	186	0	5	0	T
p122#10	2650	C	Y	201	1	0,5%	1	1	73	74	0.98	1	1	201	0	1	0	T
p122#10	2654	C	Y	206	7	3,29%	1	1	73	66	0.98	1	1	206	0	7	0	T
p122#10	2657	C	Y	212	1	0,47%	1	1	73	74	0.98	1	1	212	0	1	0	T
p122#10	2658	C	Y	207	2	0,96%	1	1	73	68	0.98	1	1	207	0	2	0	T
p122#10	2662	C	Y	198	11	5,26%	1	1	73	69	0.98	1	1	198	0	11	0	T
p122#10	2663	C	Y	192	16	7,69%	1	1	72	69	0.98	1	1	192	0	16	0	T
p122#10	2666	C	Y	197	1	0,51%	1	1	72	74	0.98	1	1	197	0	1	0	T
p122#10	2670	C	Y	191	2	1,04%	1	1	72	60	0.98	1	1	191	0	2	0	T
p122#10	2683	G	R	190	3	1,55%	1	1	70	70	0.98	1	1	190	0	3	0	A
p122#10	2690	C	Y	188	4	2,08%	1	1	72	71	0.98	1	1	188	0	4	0	T
p122#10	2697	C	Y	182	2	1,09%	1	1	72	62	0.98	1	1	182	0	2	0	T
p122#10	2711	C	Y	191	3	1,55%	1	1	72	74	0.98	1	1	191	0	3	0	T
p122#10	2716	G	R	201	2	0,99%	1	1	71	59	0.98	1	1	201	0	2	0	A
p122#10	2721	C	Y	184	1	0,54%	1	1	72	74	0.98	1	1	184	0	1	0	T
p122#10	2734	G	R	165	1	0,6%	1	1	71	59	0.98	1	1	165	0	1	0	A
p122#10	2738	C	Y	163	1	0,61%	1	1	72	74	0.98	1	1	163	0	1	0	T
p122#10	2750	C	Y	164	2	1,2%	1	1	71	74	0.98	1	1	164	0	2	0	T
p122#10	2751	C	Y	158	2	1,25%	1	1	72	74	0.98	1	1	158	0	2	0	T
p122#10	2753	C	Y	155	2	1,27%	1	1	72	74	0.98	1	1	155	0	2	0	T
p122#10	2754	C	Y	162	3	1,82%	1	1	70	74	0.98	1	1	162	0	3	0	T
p122#10	2755	C	Y	160	1	0,62%	1	1	70	74	0.98	1	1	160	0	1	0	T
p122#10	2760	C	Y	160	2	1,23%	1	1	71	68	0.98	1	1	160	0	2	0	T
p122#10	2769	C	Y	154	3	1,91%	1	1	71	74	0.98	1	1	154	0	3	0	T
p122#10	2781	G	R	146	1	0,68%	1	1	72	74	0.98	1	1	146	0	1	0	A
p122#10	2785	C	Y	147	1	0,68%	1	1	73	74	0.98	1	1	147	0	1	0	T
p122#10	2787	G	R	150	2	1,32%	1	1	72	74	0.98	1	1	150	0	2	0	A
p122#10	2796	G	R	162	1	0,61%	1	1	71	62	0.98	1	1	162	0	1	0	A
p122#10	2800	G	R	165	1	0,6%	1	1	71	74	0.98	1	1	165	0	1	0	A
p122#10	2804	G	R	179	1	0,56%	1	1	71	74	0.98	1	1	179	0	1	0	A
p122#10	2817	C	Y	177	7	3,8%	1	1	73	70	0.98	1	1	177	0	7	0	T
p122#10	2823	G	R	189	2	1,05%	1	1	73	68	0.98	1	1	189	0	2	0	A
p122#10	2827	G	R	183	1	0,54%	1	1	72	74	0.98	1	1	183	0	1	0	A
p122#10	2832	C	Y	191	3	1,55%	1	1	72	74	0.98	1	1	191	0	3	0	T
p122#10	2834	C	Y	193	5	2,53%	1	1	73	68	0.98	1	1	193	0	5	0	T
p122#10	2838	G	R	198	2	1%	1	1	72	68	0.98	1	1	198	0	2	0	A
p122#10	2855	C	Y	213	5	2,29%	1	1	71	67	0.98	1	1	213	0	5	0	T
p122#10	2864	C	Y	225	1	0,44%	1	1	72	74	0.98	1	1	225	0	1	0	T
p122#10	2865	C	Y	225	1	0,44%	1	1	72	74	0.98	1	1	225	0	1	0	T
p122#10	2866	G	R	221	3	1,34%	1	1	71	70	0.98	1	1	221	0	3	0	A
p122#10	2881	C	Y	201	2	0,99%	1	1	72	74	0.98	1	1	201	0	2	0	T
p122#10	2891	G	R	204	1	0,49%	1	1	71	74	0.98	1	1	204	0	1	0	A
p122#10	2899	C	Y	194	2	1,02%	1	1	73	74	0.98	1	1	194	0	2	0	T
p122#10	2903	C	Y	185	1	0,54%	1	1	72	74	0.98	1	1	185	0	1	0	T
p122#10	2904	G	R	164	17	9,39%	1	1	72	72	0.98	1	1	164	0	17	0	A
p122#10	2916	C	Y	160	1	0,62%	1	1	70	74	0.98	1	1	160	0	1	0	T
p122#10	2920	C	Y	148	3	1,97%	1	1	72	74	0.98	1	1	148	0	3	0	T
p122#10	2928	C	Y	158	1	0,63%	1	1	70	74	0.98	1	1	158	0	1	0	T
p122#10	2933	G	R	172	1	0,58%	1	1	72	62	0.98	1	1	172	0	1	0	A
p122#10	2939	C	Y	184	6	3,16%	1	1	72	66	0.98	1	1	184	0	6	0	T
p122#10	2943	G	R	195	1	0,51%	1	1	72	54	0.98	1	1	195	0	1	0	A
p122#10	2948	C	Y	191	1	0,52%	1	1	72	62	0.98	1	1	191	0	1	0	T
p122#10	2950	C	Y	180	1	0,55%	1	1	72	48	0.98	1	1	180	0	1	0	T
p122#10	2952	C	Y	181	3	1,63%	1	1	73	74	0.98	1	1	181	0	3	0	T
p122#10	2958	G	R	185	2	1,07%	1	1	70	67	0.98	1	1	185	0	2	0	A
p122#10	2975	C	Y	213	2	0,93%	1	1	70	74	0.98	1	1	213	0	2	0	T
p122#10	2978	C	Y	211	5	2,31%	1	1	71	68	0.98	1	1	211	0	5	0	T
p122#10	2979	G	R	216	1	0,46%	1	1	71	74	0.98	1	1	216	0	1	0	A
p122#10	2986	C	Y	228	1	0,44%	1	1	70	74	0.98	1	1	228	0	1	0	T
p122#10	2987	C	Y	229	1	0,43%	1	1	69	74	0.98	1	1	229	0	1	0	T
p122#10	2991	C	Y	227	3	1,3%	1	1	69	56	0.98	1	1	227	0	3	0	T
p122#10	2994	C	Y	221	1	0,45%	1	1	69	42	0.98	1	1	221	0	1	0	T
p122#10	3004	C	Y	241	1	0,41%	1	1	70	48	0.98	1	1	241	0	1	0	T
p122#10	3006	C	Y	235	8	3,29%	1	1	72	62	0.98	1	1	235	0	8	0	T
p122#10	3011	C	Y	229	1	0,43%	1	1	71	74	0.98	1	1	229	0	1	0	T
p122#10	3012	C	Y	230	1	0,43%	1	1	71	62	0.98	1	1	230	0	1	0	T
p122#10	3013	C	Y	226	1	0,44%	1	1	71	48	0.98	1	1	226	0	1	0	T
p122#10	3016	G	R	210	1	0,47%	1	1	64	74	0.98	1	1	210	0	1	0	A
p122#10	3019	C	Y	221	2	0,9%	1	1	70	61	0.98	1	1	221	0	2	0	T
p122#10	3023	C	Y	219	1	0,45%	1	1	65	74	0.98	1	1	219	0	1	0	T
p122#10	3028	C	Y	193	14	6,76%	1	1	68	65	0.98	1	1	193	0	14	0	T
p122#10	3029	G	R	210	1	0,47%	1	1	70	74	0.98	1	1	210	0	1	0	A
p122#10	3030	G	R	211	1	0,47%	1	1	71	74	0.98	1	1	211	0	1	0	A
p122#10	3032	C	Y	207	1	0,48%	1	1	68	62	0.98	1	1	207	0	1	0	T
p122#10	3059	C	Y	209	1	0,48%	1	1	69	74	0.98	1	1	209	0	1	0	T
p122#10	3061	C	Y	205	3	1,44%	1	1	65	64	0.98	1	1	205	0	3	0	T
p122#10	3064	G	R	212	1	0,47%	1	1	70	48	0.98	1	1	212	0	1	0	A
p122#10	3071	C	Y	207	2	0,96%	1	1	69	55	0.98	1	1	207	0	2	0	T
p122#10	3077	G	R	208	1	0,48%	1	1	71	61	0.98	1	1	208	0	1	0	A
p122#10	3079	G	R	211	1	0,47%	1	1	68	74	0.98	1	1	211	0	1	0	A
p122#10	3081	C	Y	211	2	0,94%	1	1	63	68	0.98	1	1	211	0	2	0	T
p122#10	3084	G	R	222	3	1,33%	1	1	71	70	0.98	1	1	222	0	3	0	A
p122#10	3105	C	Y	223	5	2,12%	1	1	68	64	0.98	1	1	223	0	5	0	T
p122#10	3110	G	R	238	1	0,42%	1	1	70	74	0.98	1	1	238	0	1	0	A
p122#10	3111	G	R	230	1	0,43%	1	1	70	48	0.98	1	1	230	0	1	0	A
p122#10	3115	G	R	223	2	0,89%	1	1	71	74	0.98	1	1	223	0	2	0	A
p122#10	3116	G	K	226	1	0,44%	1	1	70	74	0.98	1	1	226	0	1	0	T
p122#10	3129	C	Y	217	1	0,46%	1	1	70	62	0.98	1	1	217	0	1	0	T
p122#10	3132	G	R	198	2	1%	1	1	69	74	0.98	1	1	198	0	2	0	A
p122#10	3137	C	Y	180	1	0,55%	1	1	70	48	0.98	1	1	180	0	1	0	T
p122#10	3143	G	R	175	1	0,57%	1	1	71	74	0.98	1	1	175	0	1	0	A
p122#10	3150	C	Y	151	5	3,21%	1	1	68	70	0.98	1	1	151	0	5	0	T
p122#10	3163	C	Y	120	1	0,83%	1	1	71	74	0.98	1	1	120	0	1	0	T
p122#10	3170	C	Y	92	2	2,13%	1	1	70	74	0.98	1	1	92	0	2	0	T
p122#10	3171	C	Y	95	1	1,04%	1	1	72	74	0.98	1	1	95	0	1	0	T
p122#10	3177	G	R	86	1	1,15%	1	1	71	74	0.98	1	1	86	0	1	0	A
p122#10	3194	C	Y	82	1	1,2%	1	1	70	48	0.98	1	1	82	0	1	0	T
p122#10	3238	C	Y	138	1	0,72%	1	1	70	62	0.98	1	1	138	0	1	0	T
p122#10	3274	C	Y	171	1	0,58%	1	1	62	74	0.98	1	1	171	0	1	0	T
p122#10	3276	A	R	192	1	0,52%	1	1	72	74	0.98	1	1	192	0	1	0	G
p122#10	3282	C	Y	167	1	0,6%	1	1	61	74	0.98	1	1	167	0	1	0	T
p122#10	3296	C	Y	142	3	2,07%	1	1	64	74	0.98	1	1	142	0	3	0	T
p122#10	3320	G	R	87	1	1,14%	1	1	67	74	0.98	1	1	87	0	1	0	A
p122#10	3335	C	Y	78	1	1,27%	1	1	70	74	0.98	1	1	78	0	1	0	T
p122#10	3360	G	R	100	1	0,99%	1	1	70	74	0.98	1	1	100	0	1	0	A
p122#10	3377	C	Y	107	1	0,93%	1	1	73	74	0.98	1	1	107	0	1	0	T
p122#10	3395	C	Y	162	2	1,22%	1	1	71	74	0.98	1	1	162	0	2	0	T
p122#10	3412	G	R	216	1	0,46%	1	1	71	74	0.98	1	1	216	0	1	0	A
p122#10	3413	G	R	219	1	0,45%	1	1	71	74	0.98	1	1	219	0	1	0	A
p122#10	3424	G	R	243	1	0,41%	1	1	73	74	0.98	1	1	243	0	1	0	A
p122#10	3434	G	R	275	1	0,36%	1	1	71	74	0.98	1	1	275	0	1	0	A
p122#10	3445	G	R	246	1	0,4%	1	1	72	74	0.98	1	1	246	0	1	0	A
p122#10	3531	C	Y	128	1	0,78%	1	1	72	62	0.98	1	1	128	0	1	0	T
p122#10	3560	C	Y	231	2	0,86%	1	1	71	74	0.98	1	1	231	0	2	0	T
p122#10	3591	G	R	222	1	0,45%	1	1	71	74	0.98	1	1	222	0	1	0	A
p122#10	3591	G	K	222	1	0,45%	1	1	71	74	0.98	1	1	222	0	1	0	A
p122#10	3592	A	W	221	1	0,45%	1	1	73	74	0.98	1	1	221	0	1	0	T
p122#10	3598	C	Y	206	3	1,44%	1	1	70	74	0.98	1	1	206	0	3	0	T
p122#10	3599	C	Y	202	1	0,49%	1	1	69	74	0.98	1	1	202	0	1	0	T
p122#10	3602	C	Y	187	1	0,53%	1	1	71	74	0.98	1	1	187	0	1	0	T
p122#10	3621	C	Y	153	1	0,65%	1	1	71	74	0.98	1	1	153	0	1	0	T
p122#10	3625	C	Y	146	1	0,68%	1	1	70	74	0.98	1	1	146	0	1	0	T
p122#10	3640	G	R	114	1	0,87%	1	1	72	74	0.98	1	1	114	0	1	0	A
p122#10	3643	C	Y	111	2	1,77%	1	1	71	74	0.98	1	1	111	0	2	0	T
p122#10	3646	G	R	110	1	0,9%	1	1	72	74	0.98	1	1	110	0	1	0	A
p122#10	3669	G	R	105	1	0,94%	1	1	73	74	0.98	1	1	105	0	1	0	A
p122#10	3687	C	Y	124	2	1,59%	1	1	71	60	0.98	1	1	124	0	2	0	T
p122#10	3697	G	R	146	1	0,68%	1	1	73	74	0.98	1	1	146	0	1	0	A
p122#10	3706	C	M	184	1	0,54%	1	1	72	48	0.98	1	1	184	0	1	0	A
p122#10	3713	C	Y	206	1	0,48%	1	1	71	74	0.98	1	1	206	0	1	0	T
p122#10	3726	C	Y	204	1	0,49%	1	1	71	74	0.98	1	1	204	0	1	0	T
p122#10	3733	G	R	201	2	0,99%	1	1	72	72	0.98	1	1	201	0	2	0	A
p122#10	3760	C	Y	187	1	0,53%	1	1	70	74	0.98	1	1	187	0	1	0	T
p122#10	3761	C	Y	186	3	1,59%	1	1	71	74	0.98	1	1	186	0	3	0	T
p122#10	3762	C	Y	186	2	1,06%	1	1	72	74	0.98	1	1	186	0	2	0	T
p122#10	3775	C	Y	205	1	0,49%	1	1	71	74	0.98	1	1	205	0	1	0	T
p122#10	3783	T	Y	188	1	0,53%	1	1	71	74	0.98	1	1	188	0	1	0	C
p122#10	3790	G	R	168	1	0,59%	1	1	71	74	0.98	1	1	168	0	1	0	A
p122#10	3794	T	Y	163	1	0,61%	1	1	73	74	0.98	1	1	163	0	1	0	C
p122#10	3800	C	Y	156	1	0,64%	1	1	72	74	0.98	1	1	156	0	1	0	T
p122#10	3866	C	Y	175	2	1,13%	2	1	71	65	0.98	1	1	174	1	2	0	T
p122#10	3883	T	Y	138	1	0,72%	2	1	70	62	0.98	1	1	137	1	1	0	C
p122#10	3885	C	Y	138	2	1,43%	2	1	72	60	0.98	1	1	137	1	2	0	T
p122#10	3886	G	R	137	1	0,72%	2	1	70	74	0.98	1	1	136	1	1	0	A
p122#10	3908	C	Y	123	1	0,81%	2	1	72	74	0.98	1	1	122	1	1	0	T
p122#10	3916	C	Y	122	2	1,61%	2	1	72	74	0.98	1	1	121	1	2	0	T
p122#10	3927	C	Y	124	1	0,8%	2	1	73	74	0.98	1	1	123	1	1	0	T
p122#10	3970	C	Y	187	1	0,53%	1	1	73	74	0.98	1	1	187	0	1	0	T
p122#10	3971	C	Y	191	1	0,52%	1	1	71	74	0.98	1	1	191	0	1	0	T
p122#10	3981	C	Y	261	3	1,14%	1	1	72	74	0.98	1	1	261	0	3	0	T
p122#10	4002	G	R	414	1	0,24%	1	1	71	74	0.98	1	1	414	0	1	0	A
p122#10	4009	G	R	429	1	0,23%	1	1	73	62	0.98	1	1	429	0	1	0	A
p122#10	4023	C	Y	523	1	0,19%	1	1	72	74	0.98	1	1	523	0	1	0	T
p122#10	4037	C	Y	566	1	0,18%	1	1	72	74	0.98	1	1	566	0	1	0	T
p122#10	4038	C	Y	566	3	0,53%	1	1	72	71	0.98	1	1	566	0	3	0	T
p122#10	4041	C	Y	566	1	0,18%	1	1	72	74	0.98	1	1	566	0	1	0	T
p122#10	4044	C	Y	570	4	0,7%	1	1	73	68	0.98	1	1	570	0	4	0	T
p122#10	4050	C	Y	551	3	0,54%	1	1	73	74	0.98	1	1	551	0	3	0	T
p122#10	4052	C	Y	551	2	0,36%	1	1	72	61	0.98	1	1	551	0	2	0	T
p122#10	4059	G	S	547	1	0,18%	1	1	72	74	0.98	1	1	547	0	1	0	C
p122#10	4061	A	R	533	1	0,19%	1	1	72	74	0.98	1	1	533	0	1	0	G
p122#10	4065	G	R	524	1	0,19%	1	1	73	51	0.98	1	1	524	0	1	0	A
p122#10	4067	C	Y	528	1	0,19%	1	1	73	74	0.98	1	1	528	0	1	0	T
p122#10	4074	C	Y	541	3	0,55%	1	1	73	65	0.98	1	1	541	0	3	0	T
p122#10	4079	G	R	529	1	0,19%	1	1	72	74	0.98	1	1	529	0	1	0	A
p122#10	4084	C	Y	507	1	0,2%	1	1	73	74	0.98	1	1	507	0	1	0	T
p122#10	4085	C	Y	501	1	0,2%	1	1	72	62	0.98	1	1	501	0	1	0	T
p122#10	4098	C	Y	451	1	0,22%	1	1	73	74	0.98	1	1	451	0	1	0	T
