Chrom	Position	Ref	Cons	Reads1	Reads2	VarFreq	Strands1	Strands2	Qual1	Qual2	Pvalue	MapQual1	MapQual2	Reads1Plus	Reads1Minus	Reads2Plus	Reads2Minus	VarAllele
p122#10	114	C	Y	67	1	1,47%	1	1	71	74	0.98	1	1	67	0	1	0	T
p122#10	233	G	R	63	2	3,08%	1	1	69	61	0.98	1	1	63	0	2	0	A
p122#10	255	G	R	156	2	1,27%	1	1	71	74	0.98	1	1	156	0	2	0	A
p122#10	256	A	R	156	1	0,64%	1	1	69	42	0.98	1	1	156	0	1	0	G
p122#10	283	G	R	106	2	1,85%	1	1	71	68	0.98	1	1	106	0	2	0	A
p122#10	328	C	Y	57	1	1,72%	1	1	73	74	0.98	1	1	57	0	1	0	T
p122#10	333	G	R	51	1	1,92%	1	1	70	74	0.98	1	1	51	0	1	0	A
p122#10	407	G	R	72	1	1,37%	1	1	72	62	0.98	1	1	72	0	1	0	A
p122#10	418	C	Y	87	3	3,33%	1	1	72	65	0.98	1	1	87	0	3	0	T
p122#10	423	C	Y	66	14	17,5%	1	1	73	67	0.98	1	1	66	0	14	0	T
p122#10	426	C	Y	71	1	1,39%	1	1	71	62	0.98	1	1	71	0	1	0	T
p122#10	427	C	Y	65	3	4,41%	1	1	72	74	0.98	1	1	65	0	3	0	T
p122#10	431	C	Y	61	1	1,61%	1	1	71	59	0.98	1	1	61	0	1	0	T
p122#10	432	C	Y	58	3	4,92%	1	1	72	59	0.98	1	1	58	0	3	0	T
p122#10	434	C	Y	56	2	3,45%	1	1	70	74	0.98	1	1	56	0	2	0	T
p122#10	435	C	T	12	42	77,78%	1	1	71	67	0.98	1	1	12	0	42	0	T
p122#10	446	C	Y	53	2	3,64%	1	1	71	74	0.98	1	1	53	0	2	0	T
p122#10	447	G	R	52	1	1,89%	1	1	71	54	0.98	1	1	52	0	1	0	A
p122#10	453	C	Y	28	11	28,21%	1	1	73	68	0.98	1	1	28	0	11	0	T
p122#10	456	C	Y	36	4	10%	1	1	72	74	0.98	1	1	36	0	4	0	T
p122#10	462	C	Y	30	9	23,08%	1	1	71	72	0.98	1	1	30	0	9	0	T
p122#10	471	C	Y	25	9	26,47%	1	1	73	71	0.98	1	1	25	0	9	0	T
p122#10	475	G	R	29	4	12,12%	1	1	72	68	0.98	1	1	29	0	4	0	A
p122#10	478	G	R	26	1	3,7%	1	1	73	74	0.98	1	1	26	0	1	0	A
p122#10	481	G	R	24	1	4%	1	1	71	74	0.98	1	1	24	0	1	0	A
p122#10	486	C	Y	22	4	15,38%	1	1	72	74	0.98	1	1	22	0	4	0	T
p122#10	489	C	Y	17	5	22,73%	1	1	71	73	0.98	1	1	17	0	5	0	T
p122#10	522	C	Y	21	1	4,55%	1	1	71	74	0.98	1	1	21	0	1	0	T
p122#10	531	C	Y	36	1	2,7%	1	1	71	74	0.98	1	1	36	0	1	0	T
p122#10	534	C	Y	34	6	15%	1	1	71	74	0.98	1	1	34	0	6	0	T
p122#10	535	C	Y	38	3	7,32%	1	1	71	74	0.98	1	1	38	0	3	0	T
p122#10	547	C	Y	56	14	20%	1	1	72	68	0.98	1	1	56	0	14	0	T
p122#10	562	G	R	118	1	0,84%	1	1	73	64	0.98	1	1	118	0	1	0	A
p122#10	576	C	Y	111	2	1,77%	1	1	71	74	0.98	1	1	111	0	2	0	T
p122#10	579	C	Y	56	41	42,27%	1	1	73	71	0.98	1	1	56	0	41	0	T
p122#10	582	C	Y	85	9	9,57%	1	1	71	72	0.98	1	1	85	0	9	0	T
p122#10	585	C	Y	82	12	12,77%	1	1	71	74	0.98	1	1	82	0	12	0	T
p122#10	593	C	Y	79	1	1,25%	1	1	72	74	0.98	1	1	79	0	1	0	T
p122#10	594	C	Y	68	7	9,33%	1	1	72	74	0.98	1	1	68	0	7	0	T
p122#10	597	C	Y	68	8	10,53%	1	1	71	72	0.98	1	1	68	0	8	0	T
p122#10	598	G	R	75	1	1,32%	1	1	72	74	0.98	1	1	75	0	1	0	A
p122#10	600	C	Y	72	1	1,37%	1	1	72	74	0.98	1	1	72	0	1	0	T
p122#10	604	C	Y	52	13	20%	1	1	72	72	0.98	1	1	52	0	13	0	T
p122#10	606	G	R	64	1	1,54%	1	1	72	74	0.98	1	1	64	0	1	0	A
p122#10	610	C	Y	44	15	25,42%	1	1	72	70	0.98	1	1	44	0	15	0	T
p122#10	618	G	R	54	1	1,82%	1	1	72	74	0.98	1	1	54	0	1	0	A
p122#10	622	G	R	50	2	3,85%	1	1	72	74	0.98	1	1	50	0	2	0	A
p122#10	627	C	Y	42	6	12,5%	1	1	73	74	0.98	1	1	42	0	6	0	T
p122#10	630	C	Y	42	1	2,33%	1	1	70	74	0.98	1	1	42	0	1	0	T
p122#10	634	C	Y	29	13	30,95%	1	1	70	72	0.98	1	1	29	0	13	0	T
p122#10	642	C	Y	31	5	13,89%	1	1	71	71	0.98	1	1	31	0	5	0	T
p122#10	645	C	Y	23	9	28,12%	1	1	72	72	0.98	1	1	23	0	9	0	T
p122#10	648	C	Y	30	2	6,25%	1	1	72	74	0.98	1	1	30	0	2	0	T
p122#10	649	C	Y	27	5	15,62%	1	1	72	66	0.98	1	1	27	0	5	0	T
p122#10	655	C	Y	27	2	6,9%	1	1	71	74	0.98	1	1	27	0	2	0	T
p122#10	659	C	Y	31	2	6,06%	1	1	72	74	0.98	1	1	31	0	2	0	T
p122#10	663	C	Y	22	8	26,67%	1	1	73	66	0.98	1	1	22	0	8	0	T
p122#10	668	C	Y	30	1	3,23%	1	1	71	74	0.98	1	1	30	0	1	0	T
p122#10	670	C	Y	25	1	3,85%	1	1	73	74	0.98	1	1	25	0	1	0	T
p122#10	672	C	Y	26	1	3,7%	1	1	73	48	0.98	1	1	26	0	1	0	T
p122#10	675	C	Y	26	1	3,7%	1	1	72	41	0.98	1	1	26	0	1	0	T
p122#10	681	C	Y	30	2	6,25%	1	1	72	68	0.98	1	1	30	0	2	0	T
p122#10	682	C	Y	35	1	2,78%	1	1	69	48	0.98	1	1	35	0	1	0	T
p122#10	694	C	Y	51	2	3,77%	1	1	71	68	0.98	1	1	51	0	2	0	T
p122#10	697	C	Y	55	7	11,29%	1	1	70	71	0.98	1	1	55	0	7	0	T
p122#10	702	C	Y	68	2	2,86%	1	1	70	74	0.98	1	1	68	0	2	0	T
p122#10	703	C	Y	28	43	60,56%	1	1	68	68	0.98	1	1	28	0	43	0	T
p122#10	711	C	Y	57	22	27,85%	1	1	73	68	0.98	1	1	57	0	22	0	T
p122#10	713	G	R	81	1	1,22%	1	1	72	74	0.98	1	1	81	0	1	0	A
p122#10	715	C	Y	82	3	3,53%	1	1	72	74	0.98	1	1	82	0	3	0	T
p122#10	729	C	Y	73	7	8,75%	1	1	72	69	0.98	1	1	73	0	7	0	T
p122#10	731	C	Y	79	4	4,82%	1	1	73	65	0.98	1	1	79	0	4	0	T
p122#10	733	C	Y	76	6	7,32%	1	1	72	69	0.98	1	1	76	0	6	0	T
p122#10	748	G	R	66	1	1,49%	1	1	73	62	0.98	1	1	66	0	1	0	A
p122#10	759	C	Y	48	7	12,73%	1	1	72	74	0.98	1	1	48	0	7	0	T
p122#10	762	C	Y	53	2	3,64%	1	1	72	74	0.98	1	1	53	0	2	0	T
p122#10	765	G	R	52	1	1,89%	1	1	73	74	0.98	1	1	52	0	1	0	A
p122#10	766	C	Y	48	4	7,69%	1	1	72	74	0.98	1	1	48	0	4	0	T
p122#10	777	C	Y	45	1	2,17%	1	1	72	74	0.98	1	1	45	0	1	0	T
p122#10	786	C	Y	33	1	2,94%	1	1	73	74	0.98	1	1	33	0	1	0	T
p122#10	795	C	Y	25	1	3,85%	1	1	74	74	0.98	1	1	25	0	1	0	T
p122#10	798	C	Y	22	3	12%	1	1	72	74	0.98	1	1	22	0	3	0	T
p122#10	801	C	Y	20	2	9,09%	1	1	71	61	0.98	1	1	20	0	2	0	T
p122#10	804	C	Y	22	2	8,33%	1	1	73	51	0.98	1	1	22	0	2	0	T
p122#10	807	C	Y	16	4	20%	1	1	70	67	0.98	1	1	16	0	4	0	T
p122#10	814	C	Y	18	1	5,26%	1	1	71	62	0.98	1	1	18	0	1	0	T
p122#10	819	C	Y	16	1	5,88%	1	1	71	50	0.98	1	1	16	0	1	0	T
p122#10	825	C	Y	15	2	11,76%	1	1	72	74	0.98	1	1	15	0	2	0	T
p122#10	840	C	Y	19	24	55,81%	1	1	71	68	0.98	1	1	19	0	24	0	T
p122#10	841	C	Y	31	19	38%	1	1	70	70	0.98	1	1	31	0	19	0	T
p122#10	856	C	Y	61	6	8,96%	1	1	71	72	0.98	1	1	61	0	6	0	T
p122#10	858	G	R	71	1	1,39%	1	1	72	48	0.98	1	1	71	0	1	0	A
p122#10	864	C	Y	82	4	4,65%	1	1	72	71	0.98	1	1	82	0	4	0	T
p122#10	865	C	Y	84	4	4,55%	1	1	71	70	0.98	1	1	84	0	4	0	T
p122#10	873	C	Y	82	19	18,81%	1	1	73	68	0.98	1	1	82	0	19	0	T
p122#10	876	C	Y	92	2	2,13%	1	1	71	74	0.98	1	1	92	0	2	0	T
p122#10	877	C	Y	81	9	10%	1	1	71	72	0.98	1	1	81	0	9	0	T
p122#10	882	G	R	84	1	1,18%	1	1	72	74	0.98	1	1	84	0	1	0	A
p122#10	888	C	Y	75	5	6,25%	1	1	72	63	0.98	1	1	75	0	5	0	T
p122#10	892	C	Y	71	1	1,39%	1	1	72	74	0.98	1	1	71	0	1	0	T
p122#10	903	C	Y	53	7	11,67%	1	1	72	68	0.98	1	1	53	0	7	0	T
p122#10	916	C	Y	44	4	8,33%	1	1	72	67	0.98	1	1	44	0	4	0	T
p122#10	931	C	Y	39	1	2,5%	1	1	72	48	0.98	1	1	39	0	1	0	T
p122#10	932	C	Y	40	1	2,44%	1	1	72	74	0.98	1	1	40	0	1	0	T
p122#10	936	C	Y	33	3	8,33%	1	1	69	74	0.98	1	1	33	0	3	0	T
p122#10	943	C	Y	29	1	3,33%	1	1	73	74	0.98	1	1	29	0	1	0	T
p122#10	967	C	Y	21	5	19,23%	1	1	72	68	0.98	1	1	21	0	5	0	T
p122#10	975	C	Y	31	4	11,43%	1	1	71	65	0.98	1	1	31	0	4	0	T
p122#10	979	C	Y	43	3	6,52%	1	1	72	61	0.98	1	1	43	0	3	0	T
p122#10	990	C	Y	54	10	15,62%	1	1	72	73	0.98	1	1	54	0	10	0	T
p122#10	994	C	Y	59	4	6,35%	1	1	72	71	0.98	1	1	59	0	4	0	T
p122#10	1002	C	Y	75	2	2,6%	1	1	71	74	0.98	1	1	75	0	2	0	T
p122#10	1005	C	Y	75	7	8,54%	1	1	72	70	0.98	1	1	75	0	7	0	T
p122#10	1008	C	Y	84	1	1,18%	1	1	71	74	0.98	1	1	84	0	1	0	T
p122#10	1011	C	Y	53	35	39,77%	1	1	71	69	0.98	1	1	53	0	35	0	T
p122#10	1013	C	Y	97	1	1,02%	1	1	70	74	0.98	1	1	97	0	1	0	T
p122#10	1014	C	Y	99	4	3,88%	1	1	70	74	0.98	1	1	99	0	4	0	T
p122#10	1017	C	Y	51	47	47,96%	1	1	71	70	0.98	1	1	51	0	47	0	T
p122#10	1023	C	Y	81	20	19,8%	1	1	71	71	0.98	1	1	81	0	20	0	T
p122#10	1029	C	Y	76	12	13,64%	1	1	71	70	0.98	1	1	76	0	12	0	T
p122#10	1035	C	Y	73	1	1,35%	1	1	72	74	0.98	1	1	73	0	1	0	T
p122#10	1036	G	R	69	2	2,82%	1	1	72	68	0.98	1	1	69	0	2	0	A
p122#10	1041	C	Y	63	3	4,55%	1	1	72	70	0.98	1	1	63	0	3	0	T
p122#10	1047	C	Y	52	1	1,89%	1	1	71	74	0.98	1	1	52	0	1	0	T
p122#10	1050	C	Y	31	15	32,61%	1	1	72	73	0.98	1	1	31	0	15	0	T
p122#10	1051	C	Y	42	4	8,7%	1	1	72	74	0.98	1	1	42	0	4	0	T
p122#10	1056	G	R	42	1	2,33%	1	1	72	74	0.98	1	1	42	0	1	0	A
p122#10	1059	C	Y	42	1	2,33%	1	1	73	74	0.98	1	1	42	0	1	0	T
p122#10	1067	C	Y	31	8	20,51%	1	1	72	74	0.98	1	1	31	0	8	0	T
p122#10	1069	C	Y	37	1	2,63%	1	1	73	74	0.98	1	1	37	0	1	0	T
p122#10	1081	G	R	29	2	6,45%	1	1	73	57	0.98	1	1	29	0	2	0	A
p122#10	1089	C	Y	22	2	8,33%	1	1	70	74	0.98	1	1	22	0	2	0	T
p122#10	1090	C	Y	25	1	3,85%	1	1	72	74	0.98	1	1	25	0	1	0	T
p122#10	1098	C	Y	16	6	27,27%	1	1	72	68	0.98	1	1	16	0	6	0	T
p122#10	1101	C	Y	15	2	11,76%	1	1	72	68	0.98	1	1	15	0	2	0	T
p122#10	1104	C	Y	13	3	18,75%	1	1	73	74	0.98	1	1	13	0	3	0	T
p122#10	1117	C	Y	12	1	7,69%	1	1	73	74	0.98	1	1	12	0	1	0	T
p122#10	1125	C	Y	11	1	8,33%	1	1	72	74	0.98	1	1	11	0	1	0	T
p122#10	1126	C	Y	11	1	8,33%	1	1	71	74	0.98	1	1	11	0	1	0	T
p122#10	1129	C	Y	12	1	7,69%	1	1	71	74	0.98	1	1	12	0	1	0	T
p122#10	1137	C	Y	16	1	5,88%	1	1	70	74	0.98	1	1	16	0	1	0	T
p122#10	1138	C	Y	14	2	12,5%	1	1	67	68	0.98	1	1	14	0	2	0	T
p122#10	1146	C	Y	32	1	3,03%	1	1	73	56	0.98	1	1	32	0	1	0	T
p122#10	1167	C	Y	57	7	10,94%	1	1	71	71	0.98	1	1	57	0	7	0	T
p122#10	1168	C	Y	65	1	1,52%	1	1	71	74	0.98	1	1	65	0	1	0	T
p122#10	1174	C	Y	66	1	1,49%	1	1	71	74	0.98	1	1	66	0	1	0	T
p122#10	1182	C	Y	51	5	8,93%	1	1	73	69	0.98	1	1	51	0	5	0	T
p122#10	1196	C	Y	44	3	6,38%	1	1	72	70	0.98	1	1	44	0	3	0	T
p122#10	1197	C	Y	37	8	17,78%	1	1	72	65	0.98	1	1	37	0	8	0	T
p122#10	1207	C	Y	36	1	2,7%	1	1	72	74	0.98	1	1	36	0	1	0	T
p122#10	1208	C	Y	32	3	8,57%	1	1	74	74	0.98	1	1	32	0	3	0	T
p122#10	1231	G	R	25	1	3,85%	1	1	74	74	0.98	1	1	25	0	1	0	A
p122#10	1243	C	Y	14	2	12,5%	1	1	74	74	0.98	1	1	14	0	2	0	T
p122#10	1251	C	Y	12	4	25%	1	1	73	64	0.98	1	1	12	0	4	0	T
p122#10	1258	C	Y	8	5	38,46%	1	1	74	74	0.98	1	1	8	0	5	0	T
p122#10	1280	C	Y	37	1	2,63%	1	1	72	63	0.98	1	1	37	0	1	0	T
p122#10	1283	C	Y	38	1	2,56%	1	1	71	74	0.98	1	1	38	0	1	0	T
p122#10	1287	C	Y	41	2	4,65%	1	1	72	68	0.98	1	1	41	0	2	0	T
p122#10	1290	C	Y	46	1	2,13%	1	1	72	74	0.98	1	1	46	0	1	0	T
p122#10	1311	C	Y	70	8	10,26%	1	1	72	66	0.98	1	1	70	0	8	0	T
p122#10	1314	C	Y	83	4	4,6%	1	1	71	64	0.98	1	1	83	0	4	0	T
p122#10	1317	C	Y	84	11	11,58%	1	1	73	68	0.98	1	1	84	0	11	0	T
p122#10	1319	C	Y	96	1	1,03%	1	1	73	74	0.98	1	1	96	0	1	0	T
p122#10	1330	C	Y	88	1	1,12%	1	1	71	74	0.98	1	1	88	0	1	0	T
p122#10	1331	C	Y	81	7	7,95%	1	1	73	69	0.98	1	1	81	0	7	0	T
p122#10	1332	G	R	83	2	2,35%	1	1	72	68	0.98	1	1	83	0	2	0	A
p122#10	1347	G	R	55	1	1,79%	1	1	73	74	0.98	1	1	55	0	1	0	A
p122#10	1356	C	Y	43	3	6,52%	1	1	73	74	0.98	1	1	43	0	3	0	T
p122#10	1360	C	Y	40	1	2,44%	1	1	73	74	0.98	1	1	40	0	1	0	T
p122#10	1375	C	Y	36	3	7,69%	1	1	73	74	0.98	1	1	36	0	3	0	T
p122#10	1385	C	Y	32	2	5,88%	1	1	72	74	0.98	1	1	32	0	2	0	T
p122#10	1393	C	Y	24	2	7,69%	1	1	72	74	0.98	1	1	24	0	2	0	T
p122#10	1394	C	Y	25	2	7,41%	1	1	72	68	0.98	1	1	25	0	2	0	T
p122#10	1399	C	Y	20	1	4,76%	1	1	73	74	0.98	1	1	20	0	1	0	T
p122#10	1401	C	Y	19	1	5%	1	1	73	74	0.98	1	1	19	0	1	0	T
p122#10	1408	C	Y	14	2	12,5%	1	1	73	74	0.98	1	1	14	0	2	0	T
p122#10	1411	C	Y	14	1	6,67%	1	1	74	74	0.98	1	1	14	0	1	0	T
p122#10	1422	C	Y	10	3	23,08%	1	1	73	74	0.98	1	1	10	0	3	0	T
p122#10	1427	C	Y	11	3	21,43%	1	1	73	69	0.98	1	1	11	0	3	0	T
p122#10	1430	C	Y	16	2	11,11%	1	1	71	74	0.98	1	1	16	0	2	0	T
p122#10	1450	C	Y	42	1	2,33%	1	1	71	74	0.98	1	1	42	0	1	0	T
p122#10	1456	C	Y	51	1	1,92%	1	1	71	63	0.98	1	1	51	0	1	0	T
p122#10	1460	C	Y	54	2	3,57%	1	1	71	68	0.98	1	1	54	0	2	0	T
p122#10	1466	G	R	66	1	1,49%	1	1	71	74	0.98	1	1	66	0	1	0	A
p122#10	1476	C	Y	84	3	3,45%	1	1	73	74	0.98	1	1	84	0	3	0	T
p122#10	1484	C	Y	74	3	3,9%	1	1	72	65	0.98	1	1	74	0	3	0	T
p122#10	1493	C	Y	65	1	1,52%	1	1	72	74	0.98	1	1	65	0	1	0	T
p122#10	1494	C	Y	62	3	4,62%	1	1	72	74	0.98	1	1	62	0	3	0	T
p122#10	1497	C	Y	58	1	1,69%	1	1	73	74	0.98	1	1	58	0	1	0	T
p122#10	1512	C	Y	42	1	2,33%	1	1	73	74	0.98	1	1	42	0	1	0	T
p122#10	1534	C	Y	32	3	8,57%	1	1	72	74	0.98	1	1	32	0	3	0	T
p122#10	1539	C	Y	20	13	39,39%	1	1	73	72	0.98	1	1	20	0	13	0	T
p122#10	1554	C	Y	18	3	14,29%	1	1	71	66	0.98	1	1	18	0	3	0	T
p122#10	1555	G	R	19	1	5%	1	1	70	42	0.98	1	1	19	0	1	0	A
p122#10	1560	C	Y	15	1	6,25%	1	1	74	48	0.98	1	1	15	0	1	0	T
p122#10	1567	G	R	10	1	9,09%	1	1	71	74	0.98	1	1	10	0	1	0	A
p122#10	1579	C	Y	14	3	17,65%	1	1	69	57	0.98	1	1	14	0	3	0	T
p122#10	1602	C	Y	27	2	6,9%	1	1	69	62	0.98	1	1	27	0	2	0	T
p122#10	1605	C	Y	22	7	24,14%	1	1	68	72	0.98	1	1	22	0	7	0	T
p122#10	1611	C	Y	43	1	2,27%	1	1	70	74	0.98	1	1	43	0	1	0	T
p122#10	1612	C	Y	43	1	2,27%	1	1	71	70	0.98	1	1	43	0	1	0	T
p122#10	1617	C	Y	51	1	1,92%	1	1	71	48	0.98	1	1	51	0	1	0	T
p122#10	1623	C	Y	54	1	1,82%	1	1	70	74	0.98	1	1	54	0	1	0	T
p122#10	1626	C	Y	34	18	34,62%	1	1	73	69	0.98	1	1	34	0	18	0	T
p122#10	1629	C	Y	51	7	12,07%	1	1	70	65	0.98	1	1	51	0	7	0	T
p122#10	1631	C	Y	56	4	6,67%	1	1	70	65	0.98	1	1	56	0	4	0	T
p122#10	1639	C	Y	36	7	16,28%	1	1	72	65	0.98	1	1	36	0	7	0	T
p122#10	1647	C	Y	30	2	6,25%	1	1	73	74	0.98	1	1	30	0	2	0	T
p122#10	1665	C	Y	17	4	19,05%	1	1	74	74	0.98	1	1	17	0	4	0	T
p122#10	1671	C	Y	18	4	18,18%	1	1	74	68	0.98	1	1	18	0	4	0	T
p122#10	1672	C	Y	20	2	9,09%	1	1	72	74	0.98	1	1	20	0	2	0	T
p122#10	1702	C	Y	22	2	8,33%	1	1	72	61	0.98	1	1	22	0	2	0	T
p122#10	1707	C	Y	26	1	3,7%	1	1	70	74	0.98	1	1	26	0	1	0	T
p122#10	1708	G	R	26	1	3,7%	1	1	72	74	0.98	1	1	26	0	1	0	A
p122#10	1717	C	Y	14	10	41,67%	1	1	73	66	0.98	1	1	14	0	10	0	T
p122#10	1720	C	Y	23	1	4,17%	1	1	71	74	0.98	1	1	23	0	1	0	T
p122#10	1729	C	Y	33	2	5,71%	1	1	72	74	0.98	1	1	33	0	2	0	T
p122#10	1730	C	Y	36	1	2,7%	1	1	69	47	0.98	1	1	36	0	1	0	T
p122#10	1743	C	Y	58	1	1,69%	1	1	72	74	0.98	1	1	58	0	1	0	T
p122#10	1753	C	Y	67	1	1,47%	1	1	73	74	0.98	1	1	67	0	1	0	T
p122#10	1757	C	Y	78	2	2,5%	1	1	71	74	0.98	1	1	78	0	2	0	T
p122#10	1761	C	Y	99	1	1%	1	1	72	74	0.98	1	1	99	0	1	0	T
p122#10	1765	C	Y	79	33	29,46%	1	1	73	69	0.98	1	1	79	0	33	0	T
p122#10	1770	C	Y	118	3	2,48%	1	1	71	67	0.98	1	1	118	0	3	0	T
p122#10	1771	C	Y	115	8	6,5%	1	1	72	72	0.98	1	1	115	0	8	0	T
p122#10	1773	G	R	131	1	0,76%	1	1	72	74	0.98	1	1	131	0	1	0	A
p122#10	1779	C	Y	100	20	16,67%	1	1	71	72	0.98	1	1	100	0	20	0	T
p122#10	1780	C	Y	115	8	6,5%	1	1	72	73	0.98	1	1	115	0	8	0	T
p122#10	1784	C	Y	113	1	0,88%	1	1	72	74	0.98	1	1	113	0	1	0	T
p122#10	1793	C	Y	80	14	14,89%	1	1	72	69	0.98	1	1	80	0	14	0	T
p122#10	1801	C	T	14	57	80,28%	1	1	72	71	0.98	1	1	14	0	57	0	T
p122#10	1802	C	T	9	61	87,14%	1	1	68	72	0.98	1	1	9	0	61	0	T
p122#10	1813	C	Y	65	1	1,52%	1	1	73	74	0.98	1	1	65	0	1	0	T
p122#10	1827	C	Y	56	1	1,75%	1	1	72	66	0.98	1	1	56	0	1	0	T
p122#10	1828	C	Y	55	2	3,51%	1	1	72	68	0.98	1	1	55	0	2	0	T
p122#10	1850	C	Y	35	1	2,78%	1	1	71	74	0.98	1	1	35	0	1	0	T
p122#10	1857	C	Y	34	3	8,11%	1	1	73	70	0.98	1	1	34	0	3	0	T
p122#10	1888	C	Y	23	3	11,54%	1	1	72	64	0.98	1	1	23	0	3	0	T
p122#10	1890	C	Y	35	2	5,41%	1	1	71	74	0.98	1	1	35	0	2	0	T
p122#10	1914	C	Y	45	5	10%	1	1	72	66	0.98	1	1	45	0	5	0	T
p122#10	1916	A	R	55	1	1,79%	1	1	72	74	0.98	1	1	55	0	1	0	G
p122#10	1921	C	Y	51	6	10,53%	1	1	73	66	0.98	1	1	51	0	6	0	T
p122#10	1925	C	Y	43	11	20,37%	1	1	72	70	0.98	1	1	43	0	11	0	T
p122#10	1936	C	Y	31	2	6,06%	1	1	71	74	0.98	1	1	31	0	2	0	T
p122#10	1955	C	Y	27	3	10%	1	1	71	57	0.98	1	1	27	0	3	0	T
p122#10	1956	C	Y	28	2	6,67%	1	1	72	69	0.98	1	1	28	0	2	0	T
p122#10	1958	G	R	26	1	3,7%	1	1	73	74	0.98	1	1	26	0	1	0	A
p122#10	1969	C	Y	15	4	21,05%	1	1	74	74	0.98	1	1	15	0	4	0	T
p122#10	2002	C	Y	6	2	25%	1	1	74	74	0.98	1	1	6	0	2	0	T
p122#10	2010	C	Y	6	1	14,29%	1	1	70	74	0.98	1	1	6	0	1	0	T
p122#10	2036	C	Y	37	5	11,9%	1	1	68	66	0.98	1	1	37	0	5	0	T
p122#10	2050	C	Y	69	2	2,82%	1	1	72	74	0.98	1	1	69	0	2	0	T
p122#10	2051	C	Y	76	1	1,3%	1	1	73	74	0.98	1	1	76	0	1	0	T
p122#10	2060	C	Y	104	1	0,95%	1	1	72	48	0.98	1	1	104	0	1	0	T
p122#10	2062	C	Y	96	4	4%	1	1	73	71	0.98	1	1	96	0	4	0	T
p122#10	2065	C	Y	102	9	8,11%	1	1	72	74	0.98	1	1	102	0	9	0	T
p122#10	2066	C	Y	109	3	2,68%	1	1	71	65	0.98	1	1	109	0	3	0	T
p122#10	2068	G	R	111	1	0,88%	1	1	72	74	0.98	1	1	111	0	1	0	A
p122#10	2072	C	Y	116	5	4,13%	1	1	72	74	0.98	1	1	116	0	5	0	T
p122#10	2074	C	Y	109	8	6,84%	1	1	71	67	0.98	1	1	109	0	8	0	T
p122#10	2092	G	R	88	1	1,12%	1	1	72	74	0.98	1	1	88	0	1	0	A
p122#10	2093	C	Y	84	4	4,55%	1	1	72	67	0.98	1	1	84	0	4	0	T
p122#10	2098	G	R	73	2	2,67%	1	1	73	74	0.98	1	1	73	0	2	0	A
p122#10	2101	C	Y	34	36	51,43%	1	1	73	70	0.98	1	1	34	0	36	0	T
p122#10	2111	C	Y	59	1	1,67%	1	1	73	74	0.98	1	1	59	0	1	0	T
p122#10	2114	G	R	58	1	1,69%	1	1	73	74	0.98	1	1	58	0	1	0	A
p122#10	2127	C	Y	31	23	42,59%	1	1	72	72	0.98	1	1	31	0	23	0	T
p122#10	2137	C	Y	43	6	12,24%	1	1	73	74	0.98	1	1	43	0	6	0	T
p122#10	2139	C	Y	35	13	27,08%	1	1	73	71	0.98	1	1	35	0	13	0	T
p122#10	2142	C	Y	45	2	4,26%	1	1	71	68	0.98	1	1	45	0	2	0	T
p122#10	2145	C	Y	31	12	27,91%	1	1	73	70	0.98	1	1	31	0	12	0	T
p122#10	2146	G	K	40	1	2,44%	1	1	73	74	0.98	1	1	40	0	1	0	T
p122#10	2155	C	Y	28	2	6,67%	1	1	73	74	0.98	1	1	28	0	2	0	T
p122#10	2167	C	Y	11	6	35,29%	1	1	72	67	0.98	1	1	11	0	6	0	T
p122#10	2172	C	Y	14	1	6,67%	1	1	74	74	0.98	1	1	14	0	1	0	T
p122#10	2179	C	Y	15	2	11,76%	1	1	74	72	0.98	1	1	15	0	2	0	T
p122#10	2186	C	Y	19	1	4,76%	1	1	73	51	0.98	1	1	19	0	1	0	T
p122#10	2209	C	Y	40	3	6,98%	1	1	73	74	0.98	1	1	40	0	3	0	T
p122#10	2220	C	Y	60	1	1,64%	1	1	73	60	0.98	1	1	60	0	1	0	T
p122#10	2222	C	Y	70	1	1,41%	1	1	72	74	0.98	1	1	70	0	1	0	T
p122#10	2231	C	Y	64	7	9,86%	1	1	72	74	0.98	1	1	64	0	7	0	T
p122#10	2232	C	Y	73	2	2,67%	1	1	71	74	0.98	1	1	73	0	2	0	T
p122#10	2233	C	Y	78	1	1,27%	1	1	70	74	0.98	1	1	78	0	1	0	T
p122#10	2244	C	Y	60	2	3,23%	1	1	73	74	0.98	1	1	60	0	2	0	T
p122#10	2254	C	Y	60	1	1,64%	1	1	73	74	0.98	1	1	60	0	1	0	T
p122#10	2257	C	Y	59	2	3,28%	1	1	73	68	0.98	1	1	59	0	2	0	T
p122#10	2265	C	Y	52	1	1,89%	1	1	72	74	0.98	1	1	52	0	1	0	T
p122#10	2279	C	Y	46	2	4,17%	1	1	73	74	0.98	1	1	46	0	2	0	T
p122#10	2281	C	Y	31	17	35,42%	1	1	73	72	0.98	1	1	31	0	17	0	T
p122#10	2303	C	Y	32	1	3,03%	1	1	73	48	0.98	1	1	32	0	1	0	T
p122#10	2306	C	Y	25	1	3,85%	1	1	73	63	0.98	1	1	25	0	1	0	T
p122#10	2312	C	Y	23	1	4,17%	1	1	72	74	0.98	1	1	23	0	1	0	T
p122#10	2323	C	Y	17	1	5,56%	1	1	73	74	0.98	1	1	17	0	1	0	T
p122#10	2355	C	Y	39	2	4,88%	1	1	72	55	0.98	1	1	39	0	2	0	T
p122#10	2370	C	Y	57	1	1,72%	1	1	72	74	0.98	1	1	57	0	1	0	T
p122#10	2387	C	Y	71	7	8,97%	1	1	71	72	0.98	1	1	71	0	7	0	T
p122#10	2391	C	Y	73	1	1,35%	1	1	71	74	0.98	1	1	73	0	1	0	T
p122#10	2401	C	Y	51	4	7,27%	1	1	70	68	0.98	1	1	51	0	4	0	T
p122#10	2405	C	Y	47	1	2,08%	1	1	71	74	0.98	1	1	47	0	1	0	T
p122#10	2408	C	Y	48	2	4%	1	1	72	54	0.98	1	1	48	0	2	0	T
p122#10	2412	C	Y	13	27	67,5%	1	1	71	70	0.98	1	1	13	0	27	0	T
p122#10	2420	C	Y	35	1	2,78%	1	1	71	74	0.98	1	1	35	0	1	0	T
p122#10	2432	C	Y	31	2	6,06%	1	1	72	74	0.98	1	1	31	0	2	0	T
p122#10	2434	G	R	30	1	3,23%	1	1	73	62	0.98	1	1	30	0	1	0	A
p122#10	2448	C	Y	26	1	3,7%	1	1	73	74	0.98	1	1	26	0	1	0	T
p122#10	2507	C	Y	49	2	3,92%	1	1	73	74	0.98	1	1	49	0	2	0	T
p122#10	2511	C	Y	65	2	2,99%	1	1	72	68	0.98	1	1	65	0	2	0	T
p122#10	2514	C	Y	73	7	8,75%	1	1	73	65	0.98	1	1	73	0	7	0	T
p122#10	2523	C	Y	93	1	1,05%	1	1	73	74	0.98	1	1	93	0	1	0	T
p122#10	2526	C	Y	90	5	5,26%	1	1	72	70	0.98	1	1	90	0	5	0	T
p122#10	2540	C	Y	89	2	2,2%	1	1	73	68	0.98	1	1	89	0	2	0	T
p122#10	2546	C	Y	79	1	1,25%	1	1	73	74	0.98	1	1	79	0	1	0	T
p122#10	2563	C	Y	61	1	1,61%	1	1	72	74	0.98	1	1	61	0	1	0	T
p122#10	2570	C	Y	50	3	5,66%	1	1	73	74	0.98	1	1	50	0	3	0	T
p122#10	2574	C	Y	50	1	1,96%	1	1	72	74	0.98	1	1	50	0	1	0	T
p122#10	2585	C	Y	45	1	2,17%	1	1	73	69	0.98	1	1	45	0	1	0	T
p122#10	2587	C	Y	40	3	6,98%	1	1	73	72	0.98	1	1	40	0	3	0	T
p122#10	2602	C	Y	24	1	4%	1	1	74	74	0.98	1	1	24	0	1	0	T
p122#10	2647	C	Y	61	1	1,61%	1	1	72	60	0.98	1	1	61	0	1	0	T
p122#10	2650	C	Y	64	3	4,48%	1	1	72	60	0.98	1	1	64	0	3	0	T
p122#10	2652	C	Y	74	1	1,33%	1	1	72	74	0.98	1	1	74	0	1	0	T
p122#10	2663	C	Y	86	1	1,15%	1	1	72	62	0.98	1	1	86	0	1	0	T
p122#10	2666	C	Y	93	1	1,06%	1	1	72	62	0.98	1	1	93	0	1	0	T
p122#10	2670	C	Y	96	1	1,03%	1	1	70	48	0.98	1	1	96	0	1	0	T
p122#10	2681	C	Y	118	3	2,48%	1	1	72	70	0.98	1	1	118	0	3	0	T
p122#10	2690	C	Y	99	13	11,61%	1	1	71	73	0.98	1	1	99	0	13	0	T
p122#10	2704	C	Y	83	1	1,19%	1	1	71	74	0.98	1	1	83	0	1	0	T
p122#10	2711	C	Y	76	1	1,3%	1	1	73	74	0.98	1	1	76	0	1	0	T
p122#10	2721	C	Y	61	2	3,17%	1	1	72	68	0.98	1	1	61	0	2	0	T
p122#10	2729	C	Y	53	2	3,64%	1	1	73	74	0.98	1	1	53	0	2	0	T
p122#10	2760	C	Y	23	1	4,17%	1	1	71	74	0.98	1	1	23	0	1	0	T
p122#10	2769	C	Y	19	1	5%	1	1	73	74	0.98	1	1	19	0	1	0	T
p122#10	2812	C	Y	46	1	2,13%	1	1	73	74	0.98	1	1	46	0	1	0	T
p122#10	2817	C	Y	35	17	32,69%	1	1	72	70	0.98	1	1	35	0	17	0	T
p122#10	2819	C	Y	62	2	3,12%	1	1	72	48	0.98	1	1	62	0	2	0	T
p122#10	2834	C	Y	82	2	2,38%	1	1	73	61	0.98	1	1	82	0	2	0	T
p122#10	2845	C	Y	80	1	1,23%	1	1	73	74	0.98	1	1	80	0	1	0	T
p122#10	2873	C	Y	53	1	1,85%	1	1	73	74	0.98	1	1	53	0	1	0	T
p122#10	2881	C	Y	36	15	29,41%	1	1	71	72	0.98	1	1	36	0	15	0	T
p122#10	2890	C	Y	38	2	5%	1	1	73	74	0.98	1	1	38	0	2	0	T
p122#10	2892	A	W	38	1	2,56%	1	1	70	74	0.98	1	1	38	0	1	0	T
p122#10	2899	C	Y	32	2	5,88%	1	1	74	47	0.98	1	1	32	0	2	0	T
p122#10	2903	C	Y	28	1	3,45%	1	1	73	63	0.98	1	1	28	0	1	0	T
p122#10	2920	C	Y	22	1	4,35%	1	1	71	74	0.98	1	1	22	0	1	0	T
p122#10	2928	C	Y	14	1	6,67%	1	1	72	62	0.98	1	1	14	0	1	0	T
p122#10	2978	C	Y	76	12	13,64%	1	1	70	67	0.98	1	1	76	0	12	0	T
p122#10	2980	G	R	93	1	1,06%	1	1	71	62	0.98	1	1	93	0	1	0	A
p122#10	2991	C	Y	81	1	1,22%	1	1	70	74	0.98	1	1	81	0	1	0	T
p122#10	2995	G	R	75	1	1,32%	1	1	69	62	0.98	1	1	75	0	1	0	A
p122#10	3004	C	Y	67	1	1,47%	1	1	70	74	0.98	1	1	67	0	1	0	T
p122#10	3006	C	Y	52	8	13,33%	1	1	73	64	0.98	1	1	52	0	8	0	T
p122#10	3028	C	Y	29	14	32,56%	1	1	71	70	0.98	1	1	29	0	14	0	T
p122#10	3029	G	R	47	1	2,08%	1	1	70	74	0.98	1	1	47	0	1	0	A
p122#10	3077	G	R	15	1	6,25%	1	1	70	74	0.98	1	1	15	0	1	0	A
p122#10	3100	C	Y	50	1	1,96%	1	1	69	48	0.98	1	1	50	0	1	0	T
p122#10	3105	C	Y	39	15	26,79%	1	1	67	61	0.98	1	1	39	0	15	0	T
p122#10	3137	C	Y	67	1	1,47%	1	1	70	74	0.98	1	1	67	0	1	0	T
p122#10	3150	C	Y	46	4	8%	1	1	70	71	0.98	1	1	46	0	4	0	T
p122#10	3151	C	Y	45	3	6,25%	1	1	70	70	0.98	1	1	45	0	3	0	T
p122#10	3274	C	Y	61	2	3,17%	1	1	63	61	0.98	1	1	61	0	2	0	T
p122#10	3317	C	Y	28	1	3,45%	1	1	66	74	0.98	1	1	28	0	1	0	T
p122#10	3395	C	Y	41	2	4,65%	1	1	73	74	0.98	1	1	41	0	2	0	T
p122#10	3411	C	Y	49	3	5,77%	1	1	72	61	0.98	1	1	49	0	3	0	T
p122#10	3572	C	Y	67	2	2,9%	1	1	73	68	0.98	1	1	67	0	2	0	T
p122#10	3594	C	Y	58	1	1,69%	1	1	72	74	0.98	1	1	58	0	1	0	T
p122#10	3602	C	Y	46	2	4,17%	1	1	72	74	0.98	1	1	46	0	2	0	T
p122#10	3620	C	Y	21	1	4,55%	1	1	71	69	0.98	1	1	21	0	1	0	T
p122#10	3643	C	Y	14	1	6,67%	1	1	72	74	0.98	1	1	14	0	1	0	T
p122#10	3656	C	Y	5	1	16,67%	1	1	73	74	0.98	1	1	5	0	1	0	T
p122#10	3691	C	Y	29	4	12,12%	1	1	72	74	0.98	1	1	29	0	4	0	T
p122#10	3697	G	R	48	1	2,04%	1	1	72	74	0.98	1	1	48	0	1	0	A
p122#10	3726	C	Y	61	3	4,69%	1	1	73	74	0.98	1	1	61	0	3	0	T
p122#10	3731	C	Y	71	1	1,39%	1	1	72	74	0.98	1	1	71	0	1	0	T
p122#10	3752	C	Y	77	1	1,28%	1	1	72	74	0.98	1	1	77	0	1	0	T
p122#10	3762	C	Y	59	1	1,67%	1	1	72	74	0.98	1	1	59	0	1	0	T
p122#10	3820	C	Y	36	2	5,26%	1	1	72	67	0.98	1	1	36	0	2	0	T
p122#10	3834	G	R	80	1	1,23%	1	1	71	62	0.98	1	1	80	0	1	0	A
p122#10	3885	C	Y	99	1	1%	1	1	72	74	0.98	1	1	99	0	1	0	T
p122#10	3887	G	R	97	1	1,02%	1	1	71	74	0.98	1	1	97	0	1	0	A
p122#10	3899	C	Y	86	2	2,27%	1	1	71	74	0.98	1	1	86	0	2	0	T
p122#10	3908	C	Y	79	1	1,25%	1	1	71	74	0.98	1	1	79	0	1	0	T
p122#10	3916	C	Y	77	3	3,75%	1	1	71	74	0.98	1	1	77	0	3	0	T
p122#10	3920	C	Y	79	1	1,25%	1	1	71	74	0.98	1	1	79	0	1	0	T
p122#10	3922	T	Y	77	1	1,28%	1	1	70	74	0.98	1	1	77	0	1	0	C
p122#10	3931	C	Y	70	1	1,41%	1	1	72	62	0.98	1	1	70	0	1	0	T
p122#10	3948	C	Y	56	1	1,75%	1	1	71	74	0.98	1	1	56	0	1	0	T
p122#10	3958	C	Y	67	1	1,47%	1	1	72	74	0.98	1	1	67	0	1	0	T
p122#10	3969	T	Y	98	1	1,01%	1	1	71	74	0.98	1	1	98	0	1	0	C
p122#10	3981	C	Y	180	2	1,1%	1	1	72	74	0.98	1	1	180	0	2	0	T
p122#10	3982	C	Y	179	1	0,56%	1	1	72	62	0.98	1	1	179	0	1	0	T
p122#10	4023	C	Y	357	1	0,28%	1	1	72	74	0.98	1	1	357	0	1	0	T
p122#10	4025	C	Y	358	2	0,56%	1	1	72	74	0.98	1	1	358	0	2	0	T
p122#10	4029	C	Y	387	1	0,26%	1	1	72	45	0.98	1	1	387	0	1	0	T
p122#10	4041	C	Y	403	1	0,25%	1	1	72	74	0.98	1	1	403	0	1	0	T
p122#10	4044	C	Y	392	2	0,51%	1	1	73	74	0.98	1	1	392	0	2	0	T
p122#10	4052	C	Y	400	1	0,25%	1	1	72	74	0.98	1	1	400	0	1	0	T
p122#10	4058	C	Y	387	1	0,26%	1	1	72	74	0.98	1	1	387	0	1	0	T
p122#10	4074	C	Y	323	2	0,62%	1	1	73	61	0.98	1	1	323	0	2	0	T
p122#10	4077	C	Y	316	1	0,32%	1	1	72	74	0.98	1	1	316	0	1	0	T
