Chrom	Position	Ref	Cons	Reads1	Reads2	VarFreq	Strands1	Strands2	Qual1	Qual2	Pvalue	MapQual1	MapQual2	Reads1Plus	Reads1Minus	Reads2Plus	Reads2Minus	VarAllele
p122#10	80	A	R	30	1	3,23%	1	1	71	62	0.98	1	1	30	0	1	0	G
p122#10	263	A	R	166	1	0,6%	1	1	67	74	0.98	1	1	166	0	1	0	G
p122#10	416	T	Y	96	1	1,03%	1	1	72	74	0.98	1	1	96	0	1	0	C
p122#10	417	A	R	90	2	2,17%	1	1	73	74	0.98	1	1	90	0	2	0	G
p122#10	428	A	R	84	1	1,18%	1	1	72	74	0.98	1	1	84	0	1	0	G
p122#10	429	T	Y	81	1	1,22%	1	1	71	74	0.98	1	1	81	0	1	0	C
p122#10	430	A	R	80	1	1,23%	1	1	71	62	0.98	1	1	80	0	1	0	G
p122#10	438	T	Y	69	3	4,17%	1	1	71	65	0.98	1	1	69	0	3	0	C
p122#10	464	T	Y	52	1	1,89%	1	1	72	74	0.98	1	1	52	0	1	0	C
p122#10	465	A	R	50	1	1,96%	1	1	73	74	0.98	1	1	50	0	1	0	G
p122#10	483	A	R	36	2	5,26%	1	1	71	68	0.98	1	1	36	0	2	0	G
p122#10	494	T	Y	39	1	2,5%	1	1	72	74	0.98	1	1	39	0	1	0	C
p122#10	528	A	R	52	1	1,89%	1	1	72	74	0.98	1	1	52	0	1	0	G
p122#10	556	A	R	94	1	1,05%	1	1	73	74	0.98	1	1	94	0	1	0	G
p122#10	563	T	Y	96	1	1,03%	1	1	71	74	0.98	1	1	96	0	1	0	C
p122#10	587	T	Y	79	1	1,25%	1	1	72	74	0.98	1	1	79	0	1	0	C
p122#10	666	A	R	19	1	5%	1	1	74	50	0.98	1	1	19	0	1	0	G
p122#10	714	A	R	91	1	1,09%	1	1	72	74	0.98	1	1	91	0	1	0	G
p122#10	860	T	Y	88	1	1,12%	1	1	72	74	0.98	1	1	88	0	1	0	C
p122#10	885	T	Y	86	1	1,15%	1	1	73	74	0.98	1	1	86	0	1	0	C
p122#10	887	A	R	85	1	1,16%	1	1	71	48	0.98	1	1	85	0	1	0	G
p122#10	960	T	Y	28	1	3,45%	1	1	73	47	0.98	1	1	28	0	1	0	C
p122#10	984	T	Y	70	1	1,41%	1	1	71	74	0.98	1	1	70	0	1	0	C
p122#10	993	A	R	91	1	1,09%	1	1	72	62	0.98	1	1	91	0	1	0	G
p122#10	1012	A	R	122	1	0,81%	1	1	73	74	0.98	1	1	122	0	1	0	G
p122#10	1045	A	R	88	1	1,12%	1	1	71	74	0.98	1	1	88	0	1	0	G
p122#10	1178	A	R	78	1	1,27%	1	1	71	74	0.98	1	1	78	0	1	0	G
p122#10	1237	A	R	34	1	2,86%	1	1	71	74	0.98	1	1	34	0	1	0	G
p122#10	1324	A	R	103	1	0,96%	1	1	71	74	0.98	1	1	103	0	1	0	G
p122#10	1409	A	R	31	1	3,12%	1	1	73	74	0.98	1	1	31	0	1	0	G
p122#10	1438	G	R	54	1	1,82%	1	1	73	74	0.98	1	1	54	0	1	0	A
p122#10	1486	T	Y	75	1	1,32%	1	1	70	62	0.98	1	1	75	0	1	0	C
p122#10	1489	A	R	69	1	1,43%	1	1	72	53	0.98	1	1	69	0	1	0	G
p122#10	1534	C	Y	38	1	2,56%	1	1	70	62	0.98	1	1	38	0	1	0	T
p122#10	1536	T	Y	38	1	2,56%	1	1	72	62	0.98	1	1	38	0	1	0	C
p122#10	1776	T	Y	148	1	0,67%	1	1	71	74	0.98	1	1	148	0	1	0	C
p122#10	1879	T	Y	28	1	3,45%	1	1	73	74	0.98	1	1	28	0	1	0	C
p122#10	1885	T	Y	24	1	4%	1	1	73	74	0.98	1	1	24	0	1	0	C
p122#10	2156	T	Y	33	1	2,94%	1	1	72	74	0.98	1	1	33	0	1	0	C
p122#10	2188	A	R	30	1	3,23%	1	1	72	74	0.98	1	1	30	0	1	0	G
p122#10	2342	T	Y	30	1	3,23%	1	1	71	74	0.98	1	1	30	0	1	0	C
p122#10	2492	T	K	39	1	2,5%	1	1	73	74	0.98	1	1	39	0	1	0	G
p122#10	2527	A	R	118	1	0,84%	1	1	71	74	0.98	1	1	118	0	1	0	G
p122#10	2645	T	Y	80	1	1,23%	1	1	69	48	0.98	1	1	80	0	1	0	C
p122#10	2657	C	Y	109	1	0,91%	1	1	72	50	0.98	1	1	109	0	1	0	T
p122#10	2680	G	K	130	1	0,76%	1	1	72	62	0.98	1	1	130	0	1	0	T
p122#10	2820	T	Y	75	1	1,32%	1	1	71	74	0.98	1	1	75	0	1	0	C
p122#10	2847	T	Y	102	1	0,97%	1	1	69	74	0.98	1	1	102	0	1	0	C
p122#10	2871	T	Y	64	1	1,54%	1	1	71	74	0.98	1	1	64	0	1	0	C
p122#10	3278	A	R	80	1	1,23%	1	1	72	48	0.98	1	1	80	0	1	0	G
p122#10	3292	A	R	68	1	1,45%	1	1	71	74	0.98	1	1	68	0	1	0	G
p122#10	3477	T	Y	51	1	1,89%	1	1	72	74	0.98	1	1	51	0	1	0	C
p122#10	3526	T	Y	81	1	1,22%	1	1	72	74	0.98	1	1	81	0	1	0	C
p122#10	3678	A	R	47	1	2,08%	1	1	69	74	0.98	1	1	47	0	1	0	G
p122#10	3873	A	R	121	1	0,82%	1	1	72	62	0.98	1	1	121	0	1	0	G
p122#10	3874	T	Y	113	1	0,88%	1	1	72	74	0.98	1	1	113	0	1	0	C
p122#10	3894	T	Y	102	1	0,97%	1	1	71	74	0.98	1	1	102	0	1	0	C
p122#10	3914	A	R	103	1	0,96%	1	1	72	64	0.98	1	1	103	0	1	0	G
p122#10	3935	A	R	82	1	1,2%	1	1	71	74	0.98	1	1	82	0	1	0	G
p122#10	4016	G	R	363	1	0,27%	1	1	72	74	0.98	1	1	363	0	1	0	A
p122#10	4035	T	Y	395	1	0,25%	1	1	68	60	0.98	1	1	395	0	1	0	C
p122#10	4076	A	R	298	1	0,33%	1	1	71	74	0.98	1	1	298	0	1	0	G
